-6.283185307179586232e+00 2.449212707644754516e-16
-6.270606357615663207e+00 1.257861783874123299e-02
-6.258027408051740181e+00 2.515524538937595131e-02
-6.245448458487817156e+00 3.772789267871721336e-02
-6.232869508923894131e+00 5.029457036336615339e-02
-6.220290559359971105e+00 6.285329004448184098e-02
-6.207711609796048080e+00 7.540206458240140963e-02
-6.195132660232124167e+00 8.793890841106188905e-02
-6.182553710668201141e+00 1.004618378521685146e-01
-6.169974761104278116e+00 1.129688714290733309e-01
-6.157395811540355091e+00 1.254580301802964704e-01
-6.144816861976432065e+00 1.379273379726539406e-01
-6.132237912412509040e+00 1.503748218139369930e-01
-6.119658962848586015e+00 1.627985121650945555e-01
-6.107080013284662989e+00 1.751964432518691162e-01
-6.094501063720739964e+00 1.875666533758371946e-01
-6.081922114156816939e+00 1.999071852248046066e-01
-6.069343164592893913e+00 2.122160861825078404e-01
-6.056764215028970888e+00 2.244914086375724704e-01
-6.044185265465047863e+00 2.367312102916795391e-01
-6.031606315901123949e+00 2.489335544668922207e-01
-6.019027366337200924e+00 2.610965104120887559e-01
-6.006448416773277899e+00 2.732181536084662965e-01
-5.993869467209354873e+00 2.852965660740501841e-01
-5.981290517645431848e+00 2.973298366671726090e-01
-5.968711568081508823e+00 3.093160613888691346e-01
-5.956132618517585797e+00 3.212533436841438772e-01
-5.943553668953662772e+00 3.331397947420576822e-01
-5.930974719389739747e+00 3.449735337945905589e-01
-5.918395769825816721e+00 3.567526884142317445e-01
-5.905816820261893696e+00 3.684753948102498233e-01
-5.893237870697970671e+00 3.801397981235965506e-01
-5.880658921134047645e+00 3.917440527203971401e-01
-5.868079971570123732e+00 4.032863224839817740e-01
-5.855501022006200706e+00 4.147647811054074873e-01
-5.842922072442277681e+00 4.261776123724356768e-01
-5.830343122878354656e+00 4.375230104569046152e-01
-5.817764173314431631e+00 4.487991802004624442e-01
-5.805185223750508605e+00 4.600043373986111850e-01
-5.792606274186585580e+00 4.711367090830179682e-01
-5.780027324622662555e+00 4.821945338020477978e-01
-5.767448375058739529e+00 4.931760618994743828e-01
-5.754869425494816504e+00 5.040795557913245739e-01
-5.742290475930893479e+00 5.149032902408126056e-01
-5.729711526366969565e+00 5.256455526313212889e-01
-5.717132576803047428e+00 5.363046432373822503e-01
-5.704553627239123514e+00 5.468788754936279028e-01
-5.691974677675200489e+00 5.573665762616425434e-01
-5.679395728111277464e+00 5.677660860947081334e-01
-5.666816778547354438e+00 5.780757595003710447e-01
-5.654237828983431413e+00 5.882939652008053466e-01
-5.641658879419508388e+00 5.984190863909270020e-01
-5.629079929855585362e+00 6.084495209942171190e-01
-5.616500980291662337e+00 6.183836819162153997e-01
-5.603922030727739312e+00 6.282199972956422629e-01
-5.591343081163816287e+00 6.379569107531118943e-01
-5.578764131599893261e+00 6.475928816373939245e-01
-5.566185182035969348e+00 6.571263852691890950e-01
-5.553606232472047211e+00 6.665559131823718397e-01
-5.541027282908123297e+00 6.758799733626794648e-01
-5.528448333344200272e+00 6.850970904837812014e-01
-5.515869383780277246e+00 6.942058061407228031e-01
-5.503290434216354221e+00 7.032046790806840697e-01
-5.490711484652431196e+00 7.120922854310256511e-01
-5.478132535088508170e+00 7.208672189245851625e-01
-5.465553585524585145e+00 7.295280911221885267e-01
-5.452974635960662120e+00 7.380735316323390194e-01
-5.440395686396739094e+00 7.465021883280520409e-01
-5.427816736832816069e+00 7.548127275607987574e-01
-5.415237787268893044e+00 7.630038343715271898e-01
-5.402658837704969130e+00 7.710742126987251144e-01
-5.390079888141046993e+00 7.790225855834909119e-01
-5.377500938577123080e+00 7.868476953715902722e-01
-5.364921989013200054e+00 7.945483039124439095e-01
-5.352343039449277029e+00 8.021231927550439567e-01
-5.339764089885354004e+00 8.095711633407441932e-01
-5.327185140321430978e+00 8.168910371929054559e-01
-5.314606190757507953e+00 8.240816561033644794e-01
-5.302027241193584928e+00 8.311418823156936364e-01
-5.289448291629661902e+00 8.380705987052264883e-01
-5.276869342065738877e+00 8.448667089558177246e-01
-5.264290392501815852e+00 8.515291377333111811e-01
-5.251711442937892826e+00 8.580568308556874024e-01
-5.239132493373968913e+00 8.644487554598652146e-01
-5.226553543810046776e+00 8.707039001651273313e-01
-5.213974594246122862e+00 8.768212752331537851e-01
-5.201395644682199837e+00 8.827999127246197730e-01
-5.188816695118276812e+00 8.886388666523560298e-01
-5.176237745554353786e+00 8.943372131310273199e-01
-5.163658795990430761e+00 8.998940505233182785e-01
-5.151079846426507736e+00 9.053084995825967374e-01
-5.138500896862584710e+00 9.105797035920355498e-01
-5.125921947298661685e+00 9.157068285001691565e-01
-5.113342997734738660e+00 9.206890630528630215e-01
-5.100764048170815634e+00 9.255256189216779505e-01
-5.088185098606892609e+00 9.302157308286042037e-01
-5.075606149042968696e+00 9.347586566671512998e-01
-5.063027199479046558e+00 9.391536776197676462e-01
-5.050448249915122645e+00 9.434000982715813333e-01
-5.037869300351199620e+00 9.474972467204298976e-01
-5.025290350787276594e+00 9.514444746831767219e-01
-5.012711401223353569e+00 9.552411575982868719e-01
-5.000132451659430544e+00 9.588866947246498240e-01
-4.987553502095507518e+00 9.623805092366335412e-01
-4.974974552531584493e+00 9.657220483153545754e-01
-4.962395602967661468e+00 9.689107832361495420e-01
-4.949816653403738442e+00 9.719462094522335338e-01
-4.937237703839815417e+00 9.748278466745341486e-01
-4.924658754275892392e+00 9.775552389476861448e-01
-4.912079804711968478e+00 9.801279547221767308e-01
-4.899500855148046341e+00 9.825455869226276118e-01
-4.886921905584122428e+00 9.848077530122081313e-01
-4.874342956020199402e+00 9.869140950531600787e-01
-4.861764006456276377e+00 9.888642797634357162e-01
-4.849185056892353352e+00 9.906579985694317081e-01
-4.836606107328430326e+00 9.922949676548137310e-01
-4.824027157764507301e+00 9.937749280054242185e-01
-4.811448208200584276e+00 9.950976454502660218e-01
-4.798869258636661250e+00 9.962629106985543270e-01
-4.786290309072738225e+00 9.972705393728327206e-01
-4.773711359508814311e+00 9.981203720381462974e-01
-4.761132409944892174e+00 9.988122742272691479e-01
-4.748553460380968261e+00 9.993461364619808940e-01
-4.735974510817046124e+00 9.997218742703887218e-01
-4.723395561253122210e+00 9.999394282002936896e-01
-4.710816611689199185e+00 9.999987638285974256e-01
-4.698237662125276159e+00 9.998998717667488823e-01
-4.685658712561353134e+00 9.996427676622299252e-01
-4.673079762997430109e+00 9.992274921960794254e-01
-4.660500813433507084e+00 9.986541110764564078e-01
-4.647921863869584058e+00 9.979227150282432568e-01
-4.635342914305661033e+00 9.970334197786901997e-01
-4.622763964741738008e+00 9.959863660391043982e-01
-4.610185015177814094e+00 9.947817194825852027e-01
-4.597606065613891957e+00 9.934196707178106767e-01
-4.585027116049968043e+00 9.919004352588768336e-01
-4.572448166486045906e+00 9.902242534911985805e-01
-4.559869216922121993e+00 9.883913906334726995e-01
-4.547290267358198967e+00 9.864021366957145265e-01
-4.534711317794275942e+00 9.842568064333686584e-01
-4.522132368230352917e+00 9.819557392975066801e-01
-4.509553418666429891e+00 9.794992993811164617e-01
-4.496974469102506866e+00 9.768878753614925747e-01
-4.484395519538583841e+00 9.741218804387362651e-01
-4.471816569974660815e+00 9.712017522703763062e-01
-4.459237620410737790e+00 9.681279529021188379e-01
-4.446658670846813877e+00 9.649009686947388476e-01
-4.434079721282891740e+00 9.615213102471256157e-01
-4.421500771718967826e+00 9.579895123154887893e-01
-4.408921822155044801e+00 9.543061337287487289e-01
-4.396342872591121775e+00 9.504717573001114639e-01
-4.383763923027198750e+00 9.464869897348523464e-01
-4.371184973463275725e+00 9.423524615343186195e-01
-4.358606023899352699e+00 9.380688268961657750e-01
-4.346027074335429674e+00 9.336367636108461321e-01
-4.333448124771506649e+00 9.290569729543627364e-01
-4.320869175207583623e+00 9.243301795773084528e-01
-4.308290225643660598e+00 9.194571313902054621e-01
-4.295711276079737573e+00 9.144385994451658117e-01
-4.283132326515813659e+00 9.092753778138882303e-01
-4.270553376951891522e+00 9.039682834620162977e-01
-4.257974427387967609e+00 8.985181561198670730e-01
-4.245395477824045471e+00 8.929258581495687075e-01
-4.232816528260121558e+00 8.871922744086039314e-01
-4.220237578696198533e+00 8.813183121098069339e-01
-4.207658629132275507e+00 8.753049006778128582e-01
-4.195079679568352482e+00 8.691529916019988811e-01
-4.182500730004429457e+00 8.628635582859310871e-01
-4.169921780440506431e+00 8.564375958933458932e-01
-4.157342830876583406e+00 8.498761211906865620e-01
-4.144763881312659493e+00 8.431801723862220044e-01
-4.132184931748737355e+00 8.363508089657762934e-01
-4.119605982184813442e+00 8.293891115250824342e-01
-4.107027032620891305e+00 8.222961815988096834e-01
-4.094448083056967391e+00 8.150731414862619761e-01
-4.081869133493045254e+00 8.077211340738071899e-01
-4.069290183929121341e+00 8.002413226540319169e-01
-4.056711234365198315e+00 7.926348907416846945e-01
-4.044132284801275290e+00 7.849030418864043623e-01
-4.031553335237352265e+00 7.770469994822885029e-01
-4.018974385673429239e+00 7.690680065743168425e-01
-4.006395436109506214e+00 7.609673256616676928e-01
-3.993816486545583189e+00 7.527462384979549670e-01
-3.981237536981659719e+00 7.444060458884188547e-01
-3.968658587417736694e+00 7.359480674841033521e-01
-3.956079637853813669e+00 7.273736415730486238e-01
-3.943500688289890643e+00 7.186841248685383876e-01
-3.930921738725967618e+00 7.098808922944286337e-01
-3.918342789162044593e+00 7.009653367675975355e-01
-3.905763839598121123e+00 6.919388689775460843e-01
-3.893184890034198098e+00 6.828029171631889715e-01
-3.880605940470275073e+00 6.735589268868658053e-01
-3.868026990906352047e+00 6.642083608056139621e-01
-3.855448041342429022e+00 6.547526984397350480e-01
-3.842869091778505997e+00 6.451934359386934936e-01
-3.830290142214582971e+00 6.355320858443842535e-01
-3.817711192650659502e+00 6.257701768518058039e-01
-3.805132243086736477e+00 6.159092535671795154e-01
-3.792553293522813451e+00 6.059508762635481549e-01
-3.779974343958890426e+00 5.958966206338978111e-01
-3.767395394394967401e+00 5.857480775418394403e-01
-3.754816444831044375e+00 5.755068527698902203e-01
-3.742237495267120906e+00 5.651745667653926830e-01
-3.729658545703197881e+00 5.547528543841170334e-01
-3.717079596139274855e+00 5.442433646315789630e-01
-3.704500646575351830e+00 5.336477604021223620e-01
-3.691921697011428805e+00 5.229677182158025683e-01
-3.679342747447505779e+00 5.122049279531144528e-01
-3.666763797883582754e+00 5.013610925876060831e-01
-3.654184848319659284e+00 4.904379279164204353e-01
-3.641605898755736259e+00 4.794371622888097262e-01
-3.629026949191813234e+00 4.683605363326605597e-01
-3.616447999627890209e+00 4.572098026790791803e-01
-3.603869050063967183e+00 4.459867256850761352e-01
-3.591290100500044158e+00 4.346930811543958662e-01
-3.578711150936120688e+00 4.233306560565343046e-01
-3.566132201372197663e+00 4.119012482439926015e-01
-3.553553251808274638e+00 4.004066661678038486e-01
-3.540974302244351613e+00 3.888487285913875824e-01
-3.528395352680428587e+00 3.772292643027700398e-01
-3.515816403116505562e+00 3.655501118252192372e-01
-3.503237453552582092e+00 3.538131191263385600e-01
-3.490658503988659067e+00 3.420201433256686574e-01
-3.478079554424736042e+00 3.301730504008367761e-01
-3.465500604860813016e+00 3.182737148923086012e-01
-3.452921655296889991e+00 3.063240196067835708e-01
-3.440342705732966966e+00 2.943258553192819593e-01
-3.427763756169043941e+00 2.822811204739719693e-01
-3.415184806605120471e+00 2.701917208837820161e-01
-3.402605857041197446e+00 2.580595694288501663e-01
-3.390026907477274420e+00 2.458865857538503064e-01
-3.377447957913351395e+00 2.336746959642525545e-01
-3.364869008349428370e+00 2.214258323215592961e-01
-3.352290058785505344e+00 2.091419329375676095e-01
-3.339711109221581875e+00 1.968249414677052944e-01
-3.327132159657658850e+00 1.844768068034922937e-01
-3.314553210093735824e+00 1.720994827641690317e-01
-3.301974260529812799e+00 1.596949277875495121e-01
-3.289395310965889774e+00 1.472651046201413072e-01
-3.276816361401966748e+00 1.348119800065844531e-01
-3.264237411838043279e+00 1.223375243784570604e-01
-3.251658462274120254e+00 1.098437115424999444e-01
-3.239079512710197228e+00 9.733251836830261738e-02
-3.226500563146274203e+00 8.480592447550926172e-02
-3.213921613582351178e+00 7.226591192058713642e-02
-3.201342664018428152e+00 5.971446488321009716e-02
-3.188763714454505127e+00 4.715356935230594765e-02
-3.176184764890581658e+00 3.458521281181722168e-02
-3.163605815326658632e+00 2.201138392622753806e-02
-3.151026865762735607e+00 9.434072225896801209e-03
-3.138447916198812582e+00 -3.144732207736243481e-03
-3.125868966634889556e+00 -1.572303905704081073e-02
-3.113290017070966531e+00 -2.829885808311783171e-02
-3.100711067507043062e+00 -4.087019944071169225e-02
-3.088132117943120036e+00 -5.343507399305746919e-02
-3.075553168379197011e+00 -6.599149362662047602e-02
-3.062974218815273986e+00 -7.853747156566952270e-02
-3.050395269251350960e+00 -9.107102268664064859e-02
-3.037816319687427935e+00 -1.035901638322390683e-01
-3.025237370123504910e+00 -1.160929141252299152e-01
-3.012658420559581440e+00 -1.285772952818687309e-01
-3.000079470995658415e+00 -1.410413319249193276e-01
-2.987500521431735390e+00 -1.534830518962161938e-01
-2.974921571867812364e+00 -1.659004865687132291e-01
-2.962342622303889339e+00 -1.782916711579757285e-01
-2.949763672739966314e+00 -1.906546450330642573e-01
-2.937184723176042844e+00 -2.029874520267614113e-01
-2.924605773612119819e+00 -2.152881407450903395e-01
-2.912026824048196794e+00 -2.275547648760823383e-01
-2.899447874484273768e+00 -2.397853834977358434e-01
-2.886868924920350743e+00 -2.519780613851250184e-01
-2.874289975356427718e+00 -2.641308693166060650e-01
-2.861711025792504692e+00 -2.762418843790740430e-01
-2.849132076228581223e+00 -2.883091902722218491e-01
-2.836553126664658198e+00 -3.003308776117504242e-01
-2.823974177100735172e+00 -3.123050442314893593e-01
-2.811395227536812147e+00 -3.242297954843707530e-01
-2.798816277972889122e+00 -3.361032445422158510e-01
-2.786237328408966096e+00 -3.479235126942836209e-01
-2.773658378845042627e+00 -3.596887296445357429e-01
-2.761079429281119602e+00 -3.713970338075681110e-01
-2.748500479717196576e+00 -3.830465726031676010e-01
-2.735921530153273551e+00 -3.946355027494407031e-01
-2.723342580589350526e+00 -4.061619905544722187e-01
-2.710763631025427500e+00 -4.176242122064666717e-01
-2.698184681461504031e+00 -4.290203540623265255e-01
-2.685605731897581006e+00 -4.403486129346192990e-01
-2.673026782333657980e+00 -4.516071963768950037e-01
-2.660447832769734955e+00 -4.627943229672988878e-01
-2.647868883205811930e+00 -4.739082225904429624e-01
-2.635289933641888904e+00 -4.849471367174875147e-01
-2.622710984077965879e+00 -4.959093186843891443e-01
-2.610132034514042410e+00 -5.067930339682725771e-01
-2.597553084950119384e+00 -5.175965604618784077e-01
-2.584974135386196359e+00 -5.283181887460512982e-01
-2.572395185822273334e+00 -5.389562223602162305e-01
-2.559816236258350308e+00 -5.495089780708057869e-01
-2.547237286694427283e+00 -5.599747861375951041e-01
-2.534658337130503813e+00 -5.703519905779014243e-01
-2.522079387566580788e+00 -5.806389494286054997e-01
-2.509500438002657763e+00 -5.908340350059579915e-01
-2.496921488438734738e+00 -6.009356341631227894e-01
-2.484342538874811712e+00 -6.109421485454227252e-01
-2.471763589310888687e+00 -6.208519948432433821e-01
-2.459184639746965217e+00 -6.306636050425572515e-01
-2.446605690183042192e+00 -6.403754266730259381e-01
-2.434026740619119167e+00 -6.499859230536465526e-01
-2.421447791055196141e+00 -6.594935735358957718e-01
-2.408868841491273116e+00 -6.688968737443393708e-01
-2.396289891927350091e+00 -6.781943358146661494e-01
-2.383710942363427066e+00 -6.873844886291100575e-01
-2.371131992799503596e+00 -6.964658780492217760e-01
-2.358553043235580571e+00 -7.054370671459531117e-01
-2.345974093671657545e+00 -7.142966364270209034e-01
-2.333395144107734520e+00 -7.230431840615091366e-01
-2.320816194543811495e+00 -7.316753261016781806e-01
-2.308237244979888469e+00 -7.401916967019432914e-01
-2.295658295415965000e+00 -7.485909483349906246e-01
-2.283079345852041975e+00 -7.568717520049916825e-01
-2.270500396288118949e+00 -7.650327974578898793e-01
-2.257921446724195924e+00 -7.730727933887175940e-01
-2.245342497160272899e+00 -7.809904676459172856e-01
-2.232763547596349873e+00 -7.887845674326312562e-01
-2.220184598032426848e+00 -7.964538595049288627e-01
-2.207605648468503823e+00 -8.039971303669403158e-01
-2.195026698904580797e+00 -8.114131864628654212e-01
-2.182447749340657772e+00 -8.187008543658277349e-01
-2.169868799776733859e+00 -8.258589809635432655e-01
-2.157289850212810833e+00 -8.328864336407735269e-01
-2.144710900648887808e+00 -8.397821004585397375e-01
-2.132131951084964783e+00 -8.465448903300605288e-01
-2.119553001521041757e+00 -8.531737331933927360e-01
-2.106974051957118732e+00 -8.596675801807451833e-01
-2.094395102393195707e+00 -8.660254037844384856e-01
-2.081816152829272681e+00 -8.722461980194861075e-01
-2.069237203265349656e+00 -8.783289785827684826e-01
-2.056658253701426631e+00 -8.842727830087775409e-01
-2.044079304137503605e+00 -8.900766708219056689e-01
-2.031500354573580580e+00 -8.957397236852551181e-01
-2.018921405009657555e+00 -9.012610455459444392e-01
-2.006342455445733641e+00 -9.066397627768894019e-01
-1.993763505881810616e+00 -9.118750243150337553e-01
-1.981184556317887591e+00 -9.169660017960133969e-01
-1.968605606753964565e+00 -9.219118896852250833e-01
-1.956026657190041540e+00 -9.267119054052849192e-01
-1.943447707626118515e+00 -9.313652894598540843e-01
-1.930868758062195489e+00 -9.358713055538119274e-01
-1.918289808498272464e+00 -9.402292407097587734e-01
-1.905710858934349439e+00 -9.444384053808287938e-01
-1.893131909370426413e+00 -9.484981335597950647e-01
-1.880552959806503388e+00 -9.524077828844512705e-01
-1.867974010242580363e+00 -9.561667347392507343e-01
-1.855395060678656449e+00 -9.597743943531891198e-01
-1.842816111114733424e+00 -9.632301908939125967e-01
-1.830237161550810399e+00 -9.665335775580413680e-01
-1.817658211986887373e+00 -9.696840316576875729e-01
-1.805079262422964348e+00 -9.726810547031600196e-01
-1.792500312859041323e+00 -9.755241724818386473e-01
-1.779921363295118297e+00 -9.782129351332083944e-01
-1.767342413731195272e+00 -9.807469172200395935e-01
-1.754763464167272247e+00 -9.831257177957041238e-01
-1.742184514603349221e+00 -9.853489604676164415e-01
-1.729605565039426196e+00 -9.874162934567888295e-01
-1.717026615475503171e+00 -9.893273896534934275e-01
-1.704447665911580145e+00 -9.910819466690196089e-01
-1.691868716347656232e+00 -9.926796868835202625e-01
-1.679289766783733207e+00 -9.941203574899393214e-01
-1.666710817219810181e+00 -9.954037305340125430e-01
-1.654131867655887156e+00 -9.965296029503366571e-01
-1.641552918091964131e+00 -9.974977965944996638e-01
-1.628973968528041105e+00 -9.983081582712681756e-01
-1.616395018964118080e+00 -9.989605597588273600e-01
-1.603816069400195055e+00 -9.994548978290692665e-01
-1.591237119836272029e+00 -9.997910942639260945e-01
-1.578658170272349004e+00 -9.999690958677468489e-01
-1.566079220708425979e+00 -9.999888744757140513e-01
-1.553500271144502953e+00 -9.998504269583003978e-01
-1.540921321580579928e+00 -9.995537752217639182e-01
-1.528342372016656014e+00 -9.990989662046814157e-01
-1.515763422452732989e+00 -9.984860718705224070e-01
-1.503184472888809964e+00 -9.977151891962614538e-01
-1.490605523324886938e+00 -9.967864401570343258e-01
-1.478026573760963913e+00 -9.956999717068376610e-01
-1.465447624197040888e+00 -9.944559557552775653e-01
-1.452868674633117863e+00 -9.930545891403677050e-01
-1.440289725069194837e+00 -9.914960935973847755e-01
-1.427710775505271812e+00 -9.897807157237835662e-01
-1.415131825941348787e+00 -9.879087269401780613e-01
-1.402552876377425761e+00 -9.858804234473959038e-01
-1.389973926813502736e+00 -9.836961261796102196e-01
-1.377394977249579711e+00 -9.813561807535596815e-01
-1.364816027685655797e+00 -9.788609574138614766e-01
-1.352237078121732772e+00 -9.762108509744296114e-01
-1.339658128557809746e+00 -9.734062807560026620e-01
-1.327079178993886721e+00 -9.704476905197969572e-01
-1.314500229429963696e+00 -9.673355483972903013e-01
-1.301921279866040670e+00 -9.640703468161507805e-01
-1.289342330302117645e+00 -9.606526024223210891e-01
-1.276763380738194620e+00 -9.570828559982709205e-01
-1.264184431174271595e+00 -9.533616723774294144e-01
-1.251605481610348569e+00 -9.494896403548135355e-01
-1.239026532046425544e+00 -9.454673725938635975e-01
-1.226447582482502519e+00 -9.412955055295034734e-01
-1.213868632918579493e+00 -9.369746992674383712e-01
-1.201289683354655580e+00 -9.325056374797073833e-01
-1.188710733790732554e+00 -9.278890272965093500e-01
-1.176131784226809529e+00 -9.231255991943123629e-01
-1.163552834662886504e+00 -9.182161068802741077e-01
-1.150973885098963478e+00 -9.131613271729833725e-01
-1.138394935535040453e+00 -9.079620598795462572e-01
-1.125815985971117428e+00 -9.026191276690341825e-01
-1.113237036407194402e+00 -8.971333759423142373e-01
-1.100658086843271377e+00 -8.915056726982840685e-01
-1.088079137279348352e+00 -8.857369083965296319e-01
-1.075500187715425326e+00 -8.798279958164296755e-01
-1.062921238151502301e+00 -8.737798699127288238e-01
-1.050342288587579276e+00 -8.675934876676016927e-01
-1.037763339023655362e+00 -8.612698279392307921e-01
-1.025184389459732337e+00 -8.548098913069259730e-01
-1.012605439895809312e+00 -8.482146999128024056e-01
-1.000026490331886286e+00 -8.414852973000502834e-01
-9.874475407679632610e-01 -8.346227482478174586e-01
-9.748685912040402357e-01 -8.276281386027313225e-01
-9.622896416401172104e-01 -8.205025751070876838e-01
-9.497106920761941851e-01 -8.132471852237331822e-01
-9.371317425122711597e-01 -8.058631169576694342e-01
-9.245527929483481344e-01 -7.983515386744062248e-01
-9.119738433844251091e-01 -7.907136389150941636e-01
-8.993948938205020838e-01 -7.829506262084635626e-01
-8.868159442565781703e-01 -7.750637288796015101e-01
-8.742369946926551449e-01 -7.670541948555986700e-01
-8.616580451287321196e-01 -7.589232914680889008e-01
-8.490790955648090943e-01 -7.506723052527244366e-01
-8.365001460008860690e-01 -7.423025417456093900e-01
-8.239211964369630437e-01 -7.338153252767278811e-01
-8.113422468730400183e-01 -7.252119987603975471e-01
-7.987632973091169930e-01 -7.164939234827835124e-01
-7.861843477451939677e-01 -7.076624788865046867e-01
-7.736053981812709424e-01 -6.987190623523678035e-01
-7.610264486173479170e-01 -6.896650889782623972e-01
-7.484474990534248917e-01 -6.805019913552529109e-01
-7.358685494895018664e-01 -6.712312193409033512e-01
-7.232895999255779529e-01 -6.618542398298680185e-01
-7.107106503616549276e-01 -6.523725365217909467e-01
-6.981317007977319022e-01 -6.427876096865393629e-01
-6.855527512338088769e-01 -6.331009759268213521e-01
-6.729738016698858516e-01 -6.233141679382168121e-01
-6.603948521059628263e-01 -6.134287342666620013e-01
-6.478159025420398009e-01 -6.034462390634264262e-01
-6.352369529781167756e-01 -5.933682618376207030e-01
-6.226580034141937503e-01 -5.831963972062738089e-01
-6.100790538502707250e-01 -5.729322546420203555e-01
-5.975001042863476997e-01 -5.625774582184376316e-01
-5.849211547224246743e-01 -5.521336463530708283e-01
-5.723422051585016490e-01 -5.416024715481907448e-01
-5.597632555945777355e-01 -5.309856001293202787e-01
-5.471843060306547102e-01 -5.202847119815789956e-01
-5.346053564667316849e-01 -5.095015002838733098e-01
-5.220264069028086595e-01 -4.986376712409916756e-01
-5.094474573388856342e-01 -4.876949438136347625e-01
-4.968685077749626089e-01 -4.766750494464277454e-01
-4.842895582110395836e-01 -4.655797317939574520e-01
-4.717106086471165582e-01 -4.544107464448778333e-01
-4.591316590831935329e-01 -4.431698606441265564e-01
-4.465527095192705076e-01 -4.318588530132979053e-01
-4.339737599553474823e-01 -4.204795132692149551e-01
-4.213948103914244570e-01 -4.090336419407465951e-01
-4.088158608275014316e-01 -3.975230500839136982e-01
-3.962369112635775181e-01 -3.859495589953287342e-01
-3.836579616996544928e-01 -3.743149999240189540e-01
-3.710790121357314675e-01 -3.626212137816670622e-01
-3.585000625718084422e-01 -3.508700508513307170e-01
-3.459211130078854168e-01 -3.390633704946754978e-01
-3.333421634439623915e-01 -3.272030408577719651e-01
-3.207632138800393662e-01 -3.152909385755028326e-01
-3.081842643161163409e-01 -3.033289484746271025e-01
-2.956053147521933155e-01 -2.913189632755477376e-01
-2.830263651882702902e-01 -2.792628832928306659e-01
-2.704474156243472649e-01 -2.671626161345220241e-01
-2.578684660604242396e-01 -2.550200764003111575e-01
-2.452895164965003261e-01 -2.428371853785871171e-01
-2.327105669325773007e-01 -2.306158707424401932e-01
-2.201316173686542754e-01 -2.183580662446455434e-01
-2.075526678047312501e-01 -2.060657114116927202e-01
-1.949737182408082248e-01 -1.937407512368978790e-01
-1.823947686768851995e-01 -1.813851358726513707e-01
-1.698158191129621741e-01 -1.690008203218494598e-01
-1.572368695490391488e-01 -1.565897641285581288e-01
-1.446579199851161235e-01 -1.441539310679588182e-01
-1.320789704211930982e-01 -1.316952888356242024e-01
-1.195000208572700728e-01 -1.192158087361740032e-01
-1.069210712933470475e-01 -1.067174653713596350e-01
-9.434212172942402219e-02 -9.420223632762704524e-02
-8.176317216550010869e-02 -8.167210186320662813e-02
-6.918422260157708337e-02 -6.912904459478459718e-02
-5.660527303765405804e-02 -5.657504918379247655e-02
-4.402632347373103272e-02 -4.401210202238186459e-02
-3.144737390980800740e-02 -3.144219091912087150e-02
-1.886842434588498207e-02 -1.886730478446742992e-02
-6.289474781961956751e-03 -6.289433316068160015e-03
6.289474781961068572e-03 6.289433316067271837e-03
1.886842434588409390e-02 1.886730478446654174e-02
3.144737390980711922e-02 3.144219091911998332e-02
4.402632347373014454e-02 4.401210202238097641e-02
5.660527303765316987e-02 5.657504918379159531e-02
6.918422260157619519e-02 6.912904459478370900e-02
8.176317216550010869e-02 8.167210186320662813e-02
9.434212172942313401e-02 9.420223632762617094e-02
1.069210712933461593e-01 1.067174653713587468e-01
1.195000208572691847e-01 1.192158087361731289e-01
1.320789704211922100e-01 1.316952888356233142e-01
1.446579199851152353e-01 1.441539310679579300e-01
1.572368695490382606e-01 1.565897641285572683e-01
1.698158191129612860e-01 1.690008203218485716e-01
1.823947686768843113e-01 1.813851358726505103e-01
1.949737182408073366e-01 1.937407512368970186e-01
2.075526678047303619e-01 2.060657114116918598e-01
2.201316173686533872e-01 2.183580662446446830e-01
2.327105669325764126e-01 2.306158707424393328e-01
2.452895164965003261e-01 2.428371853785871171e-01
2.578684660604233514e-01 2.550200764003103249e-01
2.704474156243463767e-01 2.671626161345211359e-01
2.830263651882694020e-01 2.792628832928298332e-01
2.956053147521924274e-01 2.913189632755469050e-01
3.081842643161154527e-01 3.033289484746262699e-01
3.207632138800384780e-01 3.152909385755020000e-01
3.333421634439615033e-01 3.272030408577711325e-01
3.459211130078845287e-01 3.390633704946746652e-01
3.585000625718075540e-01 3.508700508513298844e-01
3.710790121357305793e-01 3.626212137816662295e-01
3.836579616996536046e-01 3.743149999240181214e-01
3.962369112635766299e-01 3.859495589953279016e-01
4.088158608275005435e-01 3.975230500839128656e-01
4.213948103914235688e-01 4.090336419407457624e-01
4.339737599553465941e-01 4.204795132692141224e-01
4.465527095192696194e-01 4.318588530132971282e-01
4.591316590831926447e-01 4.431698606441257793e-01
4.717106086471156701e-01 4.544107464448770561e-01
4.842895582110386954e-01 4.655797317939566748e-01
4.968685077749617207e-01 4.766750494464269683e-01
5.094474573388847460e-01 4.876949438136339854e-01
5.220264069028077714e-01 4.986376712409908984e-01
5.346053564667307967e-01 5.095015002838725326e-01
5.471843060306538220e-01 5.202847119815782184e-01
5.597632555945768473e-01 5.309856001293195016e-01
5.723422051585007608e-01 5.416024715481899676e-01
5.849211547224237862e-01 5.521336463530700511e-01
5.975001042863468115e-01 5.625774582184368544e-01
6.100790538502698368e-01 5.729322546420196893e-01
6.226580034141928621e-01 5.831963972062730317e-01
6.352369529781158874e-01 5.933682618376199258e-01
6.478159025420389128e-01 6.034462390634257600e-01
6.603948521059619381e-01 6.134287342666613352e-01
6.729738016698849634e-01 6.233141679382161460e-01
6.855527512338079887e-01 6.331009759268206860e-01
6.981317007977310141e-01 6.427876096865386968e-01
7.107106503616540394e-01 6.523725365217902805e-01
7.232895999255779529e-01 6.618542398298680185e-01
7.358685494895009782e-01 6.712312193409026850e-01
7.484474990534240035e-01 6.805019913552522448e-01
7.610264486173470289e-01 6.896650889782617311e-01
7.736053981812700542e-01 6.987190623523672484e-01
7.861843477451930795e-01 7.076624788865041316e-01
7.987632973091161048e-01 7.164939234827828463e-01
8.113422468730391302e-01 7.252119987603968809e-01
8.239211964369621555e-01 7.338153252767273260e-01
8.365001460008851808e-01 7.423025417456088348e-01
8.490790955648082061e-01 7.506723052527238815e-01
8.616580451287312314e-01 7.589232914680883457e-01
8.742369946926542568e-01 7.670541948555981149e-01
8.868159442565781703e-01 7.750637288796015101e-01
8.993948938205011956e-01 7.829506262084630075e-01
9.119738433844242209e-01 7.907136389150936084e-01
9.245527929483472462e-01 7.983515386744056697e-01
9.371317425122702716e-01 8.058631169576688791e-01
9.497106920761932969e-01 8.132471852237327381e-01
9.622896416401163222e-01 8.205025751070872397e-01
9.748685912040393475e-01 8.276281386027308784e-01
9.874475407679623729e-01 8.346227482478170145e-01
1.000026490331885398e+00 8.414852973000497283e-01
1.012605439895808424e+00 8.482146999128018505e-01
1.025184389459731449e+00 8.548098913069255289e-01
1.037763339023654474e+00 8.612698279392303480e-01
1.050342288587578388e+00 8.675934876676012486e-01
1.062921238151501413e+00 8.737798699127283797e-01
1.075500187715424438e+00 8.798279958164292314e-01
1.088079137279347464e+00 8.857369083965291878e-01
1.100658086843270489e+00 8.915056726982837354e-01
1.113237036407193514e+00 8.971333759423139043e-01
1.125815985971116540e+00 9.026191276690337384e-01
1.138394935535039565e+00 9.079620598795459241e-01
1.150973885098962590e+00 9.131613271729830394e-01
1.163552834662885616e+00 9.182161068802736636e-01
1.176131784226808641e+00 9.231255991943120298e-01
1.188710733790731666e+00 9.278890272965090169e-01
1.201289683354654692e+00 9.325056374797070502e-01
1.213868632918578605e+00 9.369746992674380381e-01
1.226447582482501630e+00 9.412955055295031404e-01
1.239026532046424656e+00 9.454673725938633755e-01
1.251605481610347681e+00 9.494896403548132024e-01
1.264184431174270706e+00 9.533616723774291923e-01
1.276763380738193732e+00 9.570828559982706984e-01
1.289342330302116757e+00 9.606526024223208671e-01
1.301921279866039782e+00 9.640703468161504475e-01
1.314500229429962808e+00 9.673355483972900792e-01
1.327079178993885833e+00 9.704476905197967351e-01
1.339658128557808858e+00 9.734062807560025510e-01
1.352237078121731884e+00 9.762108509744293894e-01
1.364816027685655797e+00 9.788609574138614766e-01
1.377394977249578822e+00 9.813561807535594594e-01
1.389973926813501848e+00 9.836961261796101086e-01
1.402552876377424873e+00 9.858804234473957928e-01
1.415131825941347898e+00 9.879087269401779503e-01
1.427710775505270924e+00 9.897807157237834552e-01
1.440289725069193949e+00 9.914960935973846645e-01
1.452868674633116974e+00 9.930545891403675940e-01
1.465447624197040000e+00 9.944559557552774542e-01
1.478026573760963025e+00 9.956999717068376610e-01
1.490605523324886050e+00 9.967864401570342148e-01
1.503184472888809076e+00 9.977151891962614538e-01
1.515763422452732101e+00 9.984860718705224070e-01
1.528342372016656014e+00 9.990989662046814157e-01
1.540921321580579040e+00 9.995537752217638072e-01
1.553500271144502065e+00 9.998504269583003978e-01
1.566079220708425090e+00 9.999888744757140513e-01
1.578658170272348116e+00 9.999690958677468489e-01
1.591237119836271141e+00 9.997910942639262055e-01
1.603816069400194166e+00 9.994548978290693775e-01
1.616395018964117192e+00 9.989605597588274710e-01
1.628973968528040217e+00 9.983081582712682867e-01
1.641552918091963242e+00 9.974977965944997749e-01
1.654131867655886268e+00 9.965296029503367681e-01
1.666710817219809293e+00 9.954037305340126540e-01
1.679289766783732318e+00 9.941203574899394324e-01
1.691868716347656232e+00 9.926796868835202625e-01
1.704447665911579257e+00 9.910819466690197199e-01
1.717026615475502282e+00 9.893273896534935385e-01
1.729605565039424420e+00 9.874162934567891625e-01
1.742184514603348333e+00 9.853489604676165525e-01
1.754763464167270470e+00 9.831257177957044568e-01
1.767342413731194384e+00 9.807469172200397045e-01
1.779921363295118297e+00 9.782129351332083944e-01
1.792500312859040434e+00 9.755241724818388693e-01
1.805079262422964348e+00 9.726810547031600196e-01
1.817658211986886485e+00 9.696840316576877949e-01
1.830237161550810399e+00 9.665335775580413680e-01
1.842816111114732536e+00 9.632301908939129298e-01
1.855395060678656449e+00 9.597743943531891198e-01
1.867974010242578586e+00 9.561667347392512895e-01
1.880552959806502500e+00 9.524077828844516036e-01
1.893131909370424637e+00 9.484981335597956198e-01
1.905710858934348551e+00 9.444384053808290158e-01
1.918289808498270688e+00 9.402292407097594396e-01
1.930868758062194601e+00 9.358713055538122605e-01
1.943447707626118515e+00 9.313652894598540843e-01
1.956026657190040652e+00 9.267119054052852523e-01
1.968605606753964565e+00 9.219118896852250833e-01
1.981184556317886702e+00 9.169660017960137299e-01
1.993763505881810616e+00 9.118750243150337553e-01
2.006342455445732753e+00 9.066397627768897349e-01
2.018921405009656667e+00 9.012610455459448833e-01
2.031500354573578804e+00 8.957397236852558953e-01
2.044079304137502717e+00 8.900766708219061130e-01
2.056658253701424854e+00 8.842727830087784291e-01
2.069237203265348768e+00 8.783289785827689267e-01
2.081816152829270905e+00 8.722461980194869957e-01
2.094395102393194819e+00 8.660254037844389297e-01
2.106974051957118732e+00 8.596675801807451833e-01
2.119553001521040869e+00 8.531737331933931801e-01
2.132131951084964783e+00 8.465448903300605288e-01
2.144710900648886920e+00 8.397821004585402926e-01
2.157289850212810833e+00 8.328864336407735269e-01
2.169868799776732970e+00 8.258589809635437096e-01
2.182447749340656884e+00 8.187008543658281789e-01
2.195026698904579021e+00 8.114131864628665314e-01
2.207605648468502935e+00 8.039971303669407598e-01
2.220184598032425072e+00 7.964538595049298619e-01
2.232763547596348985e+00 7.887845674326318113e-01
2.245342497160271122e+00 7.809904676459183959e-01
2.257921446724195036e+00 7.730727933887181491e-01
2.270500396288118949e+00 7.650327974578898793e-01
2.283079345852041087e+00 7.568717520049922376e-01
2.295658295415965000e+00 7.485909483349906246e-01
2.308237244979887137e+00 7.401916967019441795e-01
2.320816194543811051e+00 7.316753261016784027e-01
2.333395144107733188e+00 7.230431840615101358e-01
2.345974093671657101e+00 7.142966364270212365e-01
2.358553043235579239e+00 7.054370671459539999e-01
2.371131992799503152e+00 6.964658780492221091e-01
2.383710942363425289e+00 6.873844886291112788e-01
2.396289891927349203e+00 6.781943358146668155e-01
2.408868841491271340e+00 6.688968737443407031e-01
2.421447791055195253e+00 6.594935735358964379e-01
2.434026740619119167e+00 6.499859230536465526e-01
2.446605690183041304e+00 6.403754266730266043e-01
2.459184639746965217e+00 6.306636050425572515e-01
2.471763589310887355e+00 6.208519948432443814e-01
2.484342538874811268e+00 6.109421485454230583e-01
2.496921488438733405e+00 6.009356341631238996e-01
2.509500438002657319e+00 5.908340350059583246e-01
2.522079387566579456e+00 5.806389494286066100e-01
2.534658337130503369e+00 5.703519905779018684e-01
2.547237286694425507e+00 5.599747861375965474e-01
2.559816236258349420e+00 5.495089780708065641e-01
2.572395185822273334e+00 5.389562223602162305e-01
2.584974135386195471e+00 5.283181887460520754e-01
2.597553084950119384e+00 5.175965604618784077e-01
2.610132034514041521e+00 5.067930339682733543e-01
2.622710984077965435e+00 4.959093186843895329e-01
2.635289933641887572e+00 4.849471367174886804e-01
2.647868883205811485e+00 4.739082225904433510e-01
2.660447832769733623e+00 4.627943229673000536e-01
2.673026782333657536e+00 4.516071963768953923e-01
2.685605731897579673e+00 4.403486129346205202e-01
2.698184681461503587e+00 4.290203540623269141e-01
2.710763631025425724e+00 4.176242122064682816e-01
2.723342580589349637e+00 4.061619905544730513e-01
2.735921530153273551e+00 3.946355027494407031e-01
2.748500479717195688e+00 3.830465726031684337e-01
2.761079429281119602e+00 3.713970338075681110e-01
2.773658378845041739e+00 3.596887296445365756e-01
2.786237328408965652e+00 3.479235126942840095e-01
2.798816277972887789e+00 3.361032445422170722e-01
2.811395227536811703e+00 3.242297954843711971e-01
2.823974177100733840e+00 3.123050442314906361e-01
2.836553126664657754e+00 3.003308776117508683e-01
2.849132076228579891e+00 2.883091902722231259e-01
2.861711025792503804e+00 2.762418843790749312e-01
2.874289975356425941e+00 2.641308693166077304e-01
2.886868924920349855e+00 2.519780613851258511e-01
2.899447874484273768e+00 2.397853834977358434e-01
2.912026824048195905e+00 2.275547648760831987e-01
2.924605773612119819e+00 2.152881407450903395e-01
2.937184723176041956e+00 2.029874520267622717e-01
2.949763672739965870e+00 1.906546450330647013e-01
2.962342622303888007e+00 1.782916711579770330e-01
2.974921571867811920e+00 1.659004865687136454e-01
2.987500521431734057e+00 1.534830518962174983e-01
3.000079470995657971e+00 1.410413319249197439e-01
3.012658420559580108e+00 1.285772952818700632e-01
3.025237370123504022e+00 1.160929141252308033e-01
3.037816319687426159e+00 1.035901638322408447e-01
3.050395269251350072e+00 9.107102268664153677e-02
3.062974218815273986e+00 7.853747156566952270e-02
3.075553168379196123e+00 6.599149362662136420e-02
3.088132117943120036e+00 5.343507399305746919e-02
3.100711067507042173e+00 4.087019944071258043e-02
3.113290017070966087e+00 2.829885808311827580e-02
3.125868966634888224e+00 1.572303905704214300e-02
3.138447916198812138e+00 3.144732207736687570e-03
3.151026865762734275e+00 -9.434072225895468941e-03
3.163605815326658188e+00 -2.201138392622709397e-02
3.176184764890580325e+00 -3.458521281181588941e-02
3.188763714454504239e+00 -4.715356935230505947e-02
3.201342664018426376e+00 -5.971446488320832080e-02
3.213921613582350290e+00 -7.226591192058624824e-02
3.226500563146274203e+00 -8.480592447550926172e-02
3.239079512710196340e+00 -9.733251836830174308e-02
3.251658462274120254e+00 -1.098437115424999444e-01
3.264237411838042391e+00 -1.223375243784561861e-01
3.276816361401966304e+00 -1.348119800065840090e-01
3.289395310965888442e+00 -1.472651046201400027e-01
3.301974260529812355e+00 -1.596949277875490680e-01
3.314553210093734492e+00 -1.720994827641677272e-01
3.327132159657658406e+00 -1.844768068034918496e-01
3.339711109221580543e+00 -1.968249414677039899e-01
3.352290058785504456e+00 -2.091419329375667491e-01
3.364869008349426593e+00 -2.214258323215575752e-01
3.377447957913350507e+00 -2.336746959642516941e-01
3.390026907477274420e+00 -2.458865857538503064e-01
3.402605857041196558e+00 -2.580595694288493336e-01
3.415184806605120471e+00 -2.701917208837820161e-01
3.427763756169042608e+00 -2.822811204739706925e-01
3.440342705732966522e+00 -2.943258553192815707e-01
3.452921655296888659e+00 -3.063240196067822940e-01
3.465500604860812572e+00 -3.182737148923082127e-01
3.478079554424734710e+00 -3.301730504008354994e-01
3.490658503988658623e+00 -3.420201433256682133e-01
3.503237453552580760e+00 -3.538131191263372832e-01
3.515816403116504674e+00 -3.655501118252184045e-01
3.528395352680426811e+00 -3.772292643027683745e-01
3.540974302244350724e+00 -3.888487285913867497e-01
3.553553251808274638e+00 -4.004066661678038486e-01
3.566132201372196775e+00 -4.119012482439918243e-01
3.578711150936120688e+00 -4.233306560565343046e-01
3.591290100500042826e+00 -4.346930811543946449e-01
3.603869050063966739e+00 -4.459867256850757467e-01
3.616447999627888876e+00 -4.572098026790780145e-01
3.629026949191812790e+00 -4.683605363326601712e-01
3.641605898755734927e+00 -4.794371622888085605e-01
3.654184848319658840e+00 -4.904379279164200467e-01
3.666763797883580978e+00 -5.013610925876046398e-01
3.679342747447504891e+00 -5.122049279531136756e-01
3.691921697011427028e+00 -5.229677182158010140e-01
3.704500646575350942e+00 -5.336477604021215848e-01
3.717079596139274855e+00 -5.442433646315789630e-01
3.729658545703196992e+00 -5.547528543841163673e-01
3.742237495267120906e+00 -5.651745667653926830e-01
3.754816444831043043e+00 -5.755068527698891101e-01
3.767395394394966956e+00 -5.857480775418391072e-01
3.779974343958889094e+00 -5.958966206338967009e-01
3.792553293522813007e+00 -6.059508762635478218e-01
3.805132243086735144e+00 -6.159092535671785162e-01
3.817711192650659058e+00 -6.257701768518054708e-01
3.830290142214581195e+00 -6.355320858443829213e-01
3.842869091778505108e+00 -6.451934359386928275e-01
3.855448041342427246e+00 -6.547526984397337158e-01
3.868026990906351159e+00 -6.642083608056132960e-01
3.880605940470275073e+00 -6.735589268868658053e-01
3.893184890034197210e+00 -6.828029171631883054e-01
3.905763839598121123e+00 -6.919388689775460843e-01
3.918342789162043260e+00 -7.009653367675966473e-01
3.930921738725967174e+00 -7.098808922944283006e-01
3.943500688289889311e+00 -7.186841248685373884e-01
3.956079637853813225e+00 -7.273736415730484017e-01
3.968658587417735362e+00 -7.359480674841023529e-01
3.981237536981659275e+00 -7.444060458884185216e-01
3.993816486545581412e+00 -7.527462384979537457e-01
4.006395436109505326e+00 -7.609673256616670267e-01
4.018974385673427463e+00 -7.690680065743156213e-01
4.031553335237351376e+00 -7.770469994822879478e-01
4.044132284801275290e+00 -7.849030418864043623e-01
4.056711234365197427e+00 -7.926348907416841394e-01
4.069290183929121341e+00 -8.002413226540319169e-01
4.081869133493043478e+00 -8.077211340738060796e-01
4.094448083056967391e+00 -8.150731414862619761e-01
4.107027032620889528e+00 -8.222961815988086842e-01
4.119605982184813442e+00 -8.293891115250824342e-01
4.132184931748735579e+00 -8.363508089657752942e-01
4.144763881312659493e+00 -8.431801723862220044e-01
4.157342830876581630e+00 -8.498761211906855628e-01
4.169921780440505543e+00 -8.564375958933454491e-01
4.182500730004427680e+00 -8.628635582859301989e-01
4.195079679568351594e+00 -8.691529916019984370e-01
4.207658629132275507e+00 -8.753049006778128582e-01
4.220237578696197644e+00 -8.813183121098064898e-01
4.232816528260121558e+00 -8.871922744086039314e-01
4.245395477824043695e+00 -8.929258581495679303e-01
4.257974427387967609e+00 -8.985181561198670730e-01
4.270553376951889746e+00 -9.039682834620155205e-01
4.283132326515813659e+00 -9.092753778138882303e-01
4.295711276079735796e+00 -9.144385994451651456e-01
4.308290225643659710e+00 -9.194571313902051291e-01
4.320869175207581847e+00 -9.243301795773077867e-01
4.333448124771505761e+00 -9.290569729543624033e-01
4.346027074335429674e+00 -9.336367636108461321e-01
4.358606023899351811e+00 -9.380688268961655529e-01
4.371184973463275725e+00 -9.423524615343186195e-01
4.383763923027197862e+00 -9.464869897348521244e-01
4.396342872591121775e+00 -9.504717573001114639e-01
4.408921822155043913e+00 -9.543061337287485069e-01
4.421500771718967826e+00 -9.579895123154887893e-01
4.434079721282889963e+00 -9.615213102471250606e-01
4.446658670846813877e+00 -9.649009686947388476e-01
4.459237620410736014e+00 -9.681279529021183938e-01
4.471816569974659927e+00 -9.712017522703760841e-01
4.484395519538582064e+00 -9.741218804387358210e-01
4.496974469102505978e+00 -9.768878753614923527e-01
4.509553418666429891e+00 -9.794992993811164617e-01
4.522132368230352029e+00 -9.819557392975064580e-01
4.534711317794275942e+00 -9.842568064333686584e-01
4.547290267358198079e+00 -9.864021366957144155e-01
4.559869216922121993e+00 -9.883913906334726995e-01
4.572448166486044130e+00 -9.902242534911983585e-01
4.585027116049968043e+00 -9.919004352588768336e-01
4.597606065613890181e+00 -9.934196707178105656e-01
4.610185015177814094e+00 -9.947817194825852027e-01
4.622763964741736231e+00 -9.959863660391041762e-01
4.635342914305660145e+00 -9.970334197786900887e-01
4.647921863869582282e+00 -9.979227150282431458e-01
4.660500813433506195e+00 -9.986541110764564078e-01
4.673079762997430109e+00 -9.992274921960794254e-01
4.685658712561352246e+00 -9.996427676622299252e-01
4.698237662125276159e+00 -9.998998717667488823e-01
4.710816611689198297e+00 -9.999987638285974256e-01
4.723395561253122210e+00 -9.999394282002936896e-01
4.735974510817044347e+00 -9.997218742703887218e-01
4.748553460380968261e+00 -9.993461364619808940e-01
4.761132409944890398e+00 -9.988122742272692589e-01
4.773711359508814311e+00 -9.981203720381462974e-01
4.786290309072736449e+00 -9.972705393728328316e-01
4.798869258636660362e+00 -9.962629106985544380e-01
4.811448208200582499e+00 -9.950976454502662438e-01
4.824027157764506413e+00 -9.937749280054243295e-01
4.836606107328430326e+00 -9.922949676548137310e-01
4.849185056892352463e+00 -9.906579985694318191e-01
4.861764006456276377e+00 -9.888642797634357162e-01
4.874342956020198514e+00 -9.869140950531601897e-01
4.886921905584122428e+00 -9.848077530122081313e-01
4.899500855148044565e+00 -9.825455869226279448e-01
4.912079804711968478e+00 -9.801279547221767308e-01
4.924658754275890615e+00 -9.775552389476864779e-01
4.937237703839814529e+00 -9.748278466745343707e-01
4.949816653403736666e+00 -9.719462094522339779e-01
4.962395602967660579e+00 -9.689107832361497641e-01
4.974974552531582717e+00 -9.657220483153551305e-01
4.987553502095506630e+00 -9.623805092366337632e-01
5.000132451659430544e+00 -9.588866947246498240e-01
5.012711401223352681e+00 -9.552411575982872050e-01
5.025290350787276594e+00 -9.514444746831767219e-01
5.037869300351198731e+00 -9.474972467204301196e-01
5.050448249915122645e+00 -9.434000982715813333e-01
5.063027199479044782e+00 -9.391536776197682013e-01
5.075606149042968696e+00 -9.347586566671512998e-01
5.088185098606890833e+00 -9.302157308286048698e-01
5.100764048170814746e+00 -9.255256189216782836e-01
5.113342997734736883e+00 -9.206890630528637987e-01
5.125921947298660797e+00 -9.157068285001694896e-01
5.138500896862582934e+00 -9.105797035920363269e-01
5.151079846426506847e+00 -9.053084995825970704e-01
5.163658795990430761e+00 -8.998940505233182785e-01
5.176237745554352898e+00 -8.943372131310277640e-01
5.188816695118276812e+00 -8.886388666523560298e-01
5.201395644682198949e+00 -8.827999127246202171e-01
5.213974594246122862e+00 -8.768212752331537851e-01
5.226553543810044999e+00 -8.707039001651282195e-01
5.239132493373968913e+00 -8.644487554598652146e-01
5.251711442937891050e+00 -8.580568308556882906e-01
5.264290392501814964e+00 -8.515291377333117362e-01
5.276869342065737101e+00 -8.448667089558187238e-01
5.289448291629661014e+00 -8.380705987052269323e-01
5.302027241193583151e+00 -8.311418823156946356e-01
5.314606190757507065e+00 -8.240816561033649235e-01
5.327185140321430978e+00 -8.168910371929054559e-01
5.339764089885353116e+00 -8.095711633407446373e-01
5.352343039449277029e+00 -8.021231927550439567e-01
5.364921989013199166e+00 -7.945483039124444646e-01
5.377500938577123080e+00 -7.868476953715902722e-01
5.390079888141045217e+00 -7.790225855834920221e-01
5.402658837704969130e+00 -7.710742126987251144e-01
5.415237787268891267e+00 -7.630038343715283000e-01
5.427816736832815181e+00 -7.548127275607994235e-01
5.440395686396737318e+00 -7.465021883280531512e-01
5.452974635960661232e+00 -7.380735316323395745e-01
5.465553585524583369e+00 -7.295280911221897480e-01
5.478132535088507282e+00 -7.208672189245858286e-01
5.490711484652431196e+00 -7.120922854310256511e-01
5.503290434216353333e+00 -7.032046790806847358e-01
5.515869383780277246e+00 -6.942058061407228031e-01
5.528448333344199384e+00 -6.850970904837818676e-01
5.541027282908123297e+00 -6.758799733626794648e-01
5.553606232472045434e+00 -6.665559131823730610e-01
5.566185182035969348e+00 -6.571263852691890950e-01
5.578764131599891485e+00 -6.475928816373952568e-01
5.591343081163815398e+00 -6.379569107531125605e-01
5.603922030727737535e+00 -6.282199972956437062e-01
5.616500980291661449e+00 -6.183836819162160658e-01
5.629079929855583586e+00 -6.084495209942185623e-01
5.641658879419507500e+00 -5.984190863909277791e-01
5.654237828983431413e+00 -5.882939652008053466e-01
5.666816778547353550e+00 -5.780757595003717109e-01
5.679395728111277464e+00 -5.677660860947081334e-01
5.691974677675199601e+00 -5.573665762616433206e-01
5.704553627239123514e+00 -5.468788754936279028e-01
5.717132576803045652e+00 -5.363046432373838046e-01
5.729711526366969565e+00 -5.256455526313212889e-01
5.742290475930891702e+00 -5.149032902408140489e-01
5.754869425494815616e+00 -5.040795557913253511e-01
5.767448375058737753e+00 -4.931760618994759371e-01
5.780027324622661666e+00 -4.821945338020485750e-01
5.792606274186585580e+00 -4.711367090830179682e-01
5.805185223750507717e+00 -4.600043373986120177e-01
5.817764173314431631e+00 -4.487991802004624442e-01
5.830343122878353768e+00 -4.375230104569054479e-01
5.842922072442277681e+00 -4.261776123724356768e-01
5.855501022006199818e+00 -4.147647811054082645e-01
5.868079971570123732e+00 -4.032863224839817740e-01
5.880658921134045869e+00 -3.917440527203987499e-01
5.893237870697969782e+00 -3.801397981235973833e-01
5.905816820261891920e+00 -3.684753948102514887e-01
5.918395769825815833e+00 -3.567526884142325772e-01
5.930974719389737970e+00 -3.449735337945922242e-01
5.943553668953661884e+00 -3.331397947420585148e-01
5.956132618517585797e+00 -3.212533436841438772e-01
5.968711568081507934e+00 -3.093160613888700228e-01
5.981290517645431848e+00 -2.973298366671726090e-01
5.993869467209353985e+00 -2.852965660740510168e-01
6.006448416773277899e+00 -2.732181536084662965e-01
6.019027366337200036e+00 -2.610965104120895885e-01
6.031606315901123949e+00 -2.489335544668922207e-01
6.044185265465046086e+00 -2.367312102916812877e-01
6.056764215028970000e+00 -2.244914086375733309e-01
6.069343164592892137e+00 -2.122160861825095612e-01
6.081922114156816050e+00 -1.999071852248054670e-01
6.094501063720738188e+00 -1.875666533758389432e-01
6.107080013284662101e+00 -1.751964432518700043e-01
6.119658962848586015e+00 -1.627985121650945555e-01
6.132237912412508152e+00 -1.503748218139378812e-01
6.144816861976432065e+00 -1.379273379726539406e-01
6.157395811540354202e+00 -1.254580301802973585e-01
6.169974761104278116e+00 -1.129688714290733309e-01
6.182553710668200253e+00 -1.004618378521694028e-01
6.195132660232124167e+00 -8.793890841106188905e-02
6.207711609796046304e+00 -7.540206458240318599e-02
6.220290559359970217e+00 -6.285329004448272916e-02
6.232869508923892354e+00 -5.029457036336792281e-02
6.245448458487816268e+00 -3.772789267871810154e-02
6.258027408051738405e+00 -2.515524538937772767e-02
6.270606357615662318e+00 -1.257861783874212117e-02
6.283185307179586232e+00 -2.449212707644754516e-16
