-6.283185307179586232e+00 2.000000000000000444e+00
-6.270606357615663207e+00 2.023731344630056217e+00
-6.258027408051740181e+00 2.044600994819459672e+00
-6.245448458487817156e+00 2.062599119821807214e+00
-6.232869508923894131e+00 2.077719952479013088e+00
-6.220290559359971105e+00 2.089961784863792360e+00
-6.207711609796048080e+00 2.099326958166102042e+00
-6.195132660232124167e+00 2.105821846845874923e+00
-6.182553710668201141e+00 2.109456837082511083e+00
-6.169974761104278116e+00 2.110246299559741079e+00
-6.157395811540355091e+00 2.108208556632446218e+00
-6.144816861976432065e+00 2.103365843930039336e+00
-6.132237912412509040e+00 2.095744266458845040e+00
-6.119658962848586015e+00 2.085373749273766286e+00
-6.107080013284662989e+00 2.072287982797112349e+00
-6.094501063720739964e+00 2.056524362870148614e+00
-6.081922114156816939e+00 2.038123925630286770e+00
-6.069343164592893913e+00 2.017131277314121895e+00
-6.056764215028970888e+00 1.993594519093784712e+00
-6.044185265465047863e+00 1.967565167060952858e+00
-6.031606315901123949e+00 1.939098067479770426e+00
-6.019027366337200924e+00 1.908251307436567012e+00
-6.006448416773277899e+00 1.875086121020704599e+00
-5.993869467209354873e+00 1.839666791177166028e+00
-5.981290517645431848e+00 1.802060547377614341e+00
-5.968711568081508823e+00 1.762337459262440120e+00
-5.956132618517585797e+00 1.720570326411911655e+00
-5.943553668953662772e+00 1.676834564410106587e+00
-5.930974719389739747e+00 1.631208087370280335e+00
-5.918395769825816721e+00 1.583771187095352140e+00
-5.905816820261893696e+00 1.534606409051876952e+00
-5.893237870697970671e+00 1.483798425340137062e+00
-5.880658921134047645e+00 1.431433904847370098e+00
-5.868079971570123732e+00 1.377601380774823747e+00
-5.855501022006200706e+00 1.322391115732988620e+00
-5.842922072442277681e+00 1.265894964602727546e+00
-5.830343122878354656e+00 1.208206235363042724e+00
-5.817764173314431631e+00 1.149419548088906673e+00
-5.805185223750508605e+00 1.089630692325102457e+00
-5.792606274186585580e+00 1.028936483044192496e+00
-5.780027324622662555e+00 9.674346153984518804e-01
-5.767448375058739529e+00 9.052235184773976817e-01
-5.754869425494816504e+00 8.424022082836017944e-01
-5.742290475930893479e+00 7.790701401404183102e-01
-5.729711526366969565e+00 7.153270607460905373e-01
-5.717132576803047428e+00 6.512728600888439967e-01
-5.704553627239123514e+00 5.870074234375575184e-01
-5.691974677675200489e+00 5.226304836226633999e-01
-5.679395728111277464e+00 4.582414738208189231e-01
-5.666816778547354438e+00 3.939393810564154608e-01
-5.654237828983431413e+00 3.298226006316296033e-01
-5.641658879419508388e+00 2.659887916952000664e-01
-5.629079929855585362e+00 2.025347341582570682e-01
-5.616500980291662337e+00 1.395561871636197271e-01
-5.603922030727739312e+00 7.714774931234280597e-02
-5.591343081163816287e+00 1.540272084873794967e-02
-5.578764131599893261e+00 -4.558703199789670979e-02
-5.566185182035969348e+00 -1.057312103199909981e-01
-5.553606232472047211e+00 -1.649412132953110843e-01
-5.541027282908123297e+00 -2.231302662200645992e-01
-5.528448333344200272e+00 -2.802135456278270764e-01
-5.515869383780277246e+00 -3.361083013153176591e-01
-5.503290434216354221e+00 -3.907339751003421346e-01
-5.490711484652431196e+00 -4.440123161422986353e-01
-5.478132535088508170e+00 -4.958674926606293498e-01
-5.465553585524585145e+00 -5.462261998919295536e-01
-5.452974635960662120e+00 -5.950177641320745225e-01
-5.440395686396739094e+00 -6.421742427153467325e-01
-5.427816736832816069e+00 -6.876305197886566356e-01
-5.415237787268893044e+00 -7.313243977451368005e-01
-5.402658837704969130e+00 -7.731966841876505292e-01
-5.390079888141046993e+00 -8.131912742994407139e-01
-5.377500938577123080e+00 -8.512552285058950785e-01
-5.364921989013200054e+00 -8.873388453181144664e-01
-5.352343039449277029e+00 -9.213957292563288437e-01
-5.339764089885354004e+00 -9.533828537581416906e-01
-5.327185140321430978e+00 -9.832606189840505939e-01
-5.314606190757507953e+00 -1.010992904440132456e+00
-5.302027241193584928e+00 -1.036547116345345021e+00
-5.289448291629661902e+00 -1.059894229678565392e+00
-5.276869342065738877e+00 -1.081008824848253891e+00
-5.264290392501815852e+00 -1.099869118935484558e+00
-5.251711442937892826e+00 -1.116456991468988136e+00
-5.239132493373968913e+00 -1.130758004698823704e+00
-5.226553543810046776e+00 -1.142761418343297031e+00
-5.213974594246122862e+00 -1.152460198791839474e+00
-5.201395644682199837e+00 -1.159851022754546879e+00
-5.188816695118276812e+00 -1.164934275357265570e+00
-5.176237745554353786e+00 -1.167714042689091070e+00
-5.163658795990430761e+00 -1.168198098817294195e+00
-5.151079846426507736e+00 -1.166397887292680569e+00
-5.138500896862584710e+00 -1.162328497176427167e+00
-5.125921947298661685e+00 -1.156008633627382043e+00
-5.113342997734738660e+00 -1.147460583096736375e+00
-5.100764048170815634e+00 -1.136710173184793948e+00
-5.088185098606892609e+00 -1.123786727222316095e+00
-5.075606149042968696e+00 -1.108723013646582434e+00
-5.063027199479046558e+00 -1.091555190249892338e+00
-5.050448249915122645e+00 -1.072322743385589305e+00
-5.037869300351199620e+00 -1.051068422224134657e+00
-5.025290350787276594e+00 -1.027838168158808685e+00
-5.012711401223353569e+00 -1.002681039467739232e+00
-5.000132451659430544e+00 -9.756491313458156567e-01
-4.987553502095507518e+00 -9.467974914267478503e-01
-4.974974552531584493e+00 -9.161840309220706802e-01
-4.962395602967661468e+00 -8.838694315102575416e-01
-4.949816653403738442e+00 -8.499170481152797940e-01
-4.937237703839815417e+00 -8.143928077198814286e-01
-4.924658754275892392e+00 -7.773651043645815051e-01
-4.912079804711968478e+00 -7.389046904889665646e-01
-4.899500855148046341e+00 -6.990845647771664062e-01
-4.886921905584122428e+00 -6.579798566743300103e-01
-4.874342956020199402e+00 -6.156677077459847824e-01
-4.861764006456276377e+00 -5.722271500564544144e-01
-4.849185056892353352e+00 -5.277389817470514721e-01
-4.836606107328430326e+00 -4.822856399987169862e-01
-4.824027157764507301e+00 -4.359510715675767312e-01
-4.811448208200584276e+00 -3.888206010853955119e-01
-4.798869258636661250e+00 -3.409807973201632869e-01
-4.786290309072738225e+00 -2.925193375950149166e-01
-4.773711359508814311e+00 -2.435248705663136393e-01
-4.761132409944892174e+00 -1.940868775641215183e-01
-4.748553460380968261e+00 -1.442955327003346833e-01
-4.735974510817046124e+00 -9.424156195168550965e-02
-4.723395561253122210e+00 -4.401610142599809983e-02
-4.710816611689199185e+00 6.289444978330714989e-03
-4.698237662125276159e+00 5.658354830917937395e-02
-4.685658712561353134e+00 1.067746974825555528e-01
-4.673079762997430109e+00 1.567715421780078167e-01
-4.660500813433507084e+00 2.064830354961581238e-01
-4.647921863869584058e+00 2.558185761672767677e-01
-4.635342914305661033e+00 3.046881501004413684e-01
-4.622763964741738008e+00 3.530024710637759133e-01
-4.610185015177814094e+00 4.006731202875545295e-01
-4.597606065613891957e+00 4.476126847835008027e-01
-4.585027116049968043e+00 4.937348941754937104e-01
-4.572448166486045906e+00 5.389547558389162774e-01
-4.559869216922121993e+00 5.831886881486170182e-01
-4.547290267358198967e+00 6.263546516378113438e-01
-4.534711317794275942e+00 6.683722778736552739e-01
-4.522132368230352917e+00 7.091629958582448268e-01
-4.509553418666429891e+00 7.486501557675165897e-01
-4.496974469102506866e+00 7.867591498443535780e-01
-4.484395519538583841e+00 8.234175302663245821e-01
-4.471816569974660815e+00 8.585551238128621421e-01
-4.459237620410737790e+00 8.921041431612959371e-01
-4.446658670846813877e+00 9.239992946460927614e-01
-4.434079721282891740e+00 9.541778823207481830e-01
-4.421500771718967826e+00 9.825799081671510171e-01
-4.408921822155044801e+00 1.009148168302750337e+00
-4.396342872591121775e+00 1.033828345041814423e+00
-4.383763923027198750e+00 1.056569094672881626e+00
-4.371184973463275725e+00 1.077322130820884460e+00
-4.358606023899352699e+00 1.096042303268728979e+00
-4.346027074335429674e+00 1.112687672119717197e+00
-4.333448124771506649e+00 1.127219577188979027e+00
-4.320869175207583623e+00 1.139602702518984101e+00
-4.308290225643660598e+00 1.149805135921274646e+00
-4.295711276079737573e+00 1.157798423453773928e+00
-4.283132326515813659e+00 1.163557618750387324e+00
-4.270553376951891522e+00 1.167061327127083770e+00
-4.257974427387967609e+00 1.168291744396207754e+00
-4.245395477824045471e+00 1.167234690328476709e+00
-4.232816528260121558e+00 1.163879636709882703e+00
-4.220237578696198533e+00 1.158219729948575694e+00
-4.207658629132275507e+00 1.150251808194705738e+00
-4.195079679568352482e+00 1.139976412944200934e+00
-4.182500730004429457e+00 1.127397795105460121e+00
-4.169921780440506431e+00 1.112523915515988282e+00
-4.157342830876583406e+00 1.095366439904093880e+00
-4.144763881312659493e+00 1.075940728298820481e+00
-4.132184931748737355e+00 1.054265818899403850e+00
-4.119605982184813442e+00 1.030364406423553092e+00
-4.107027032620891305e+00 1.004262814961990546e+00
-4.094448083056967391e+00 9.759909653745492131e-01
-4.081869133493045254e+00 9.455823372712675035e-01
-4.069290183929121341e+00 9.130739256295948847e-01
-4.056711234365198315e+00 8.785061921068948454e-01
-4.044132284801275290e+00 8.419230111149282880e-01
-4.031553335237352265e+00 8.033716107308491727e-01
-4.018974385673429239e+00 7.629025085266722961e-01
-4.006395436109506214e+00 7.205694424066519943e-01
-3.993816486545583189e+00 6.764292965492842979e-01
-3.981237536981659719e+00 6.305420225578324267e-01
-3.968658587417736694e+00 5.829705559303142159e-01
-3.956079637853813669e+00 5.337807279666882954e-01
-3.943500688289890643e+00 4.830411732377305478e-01
-3.930921738725967618e+00 4.308232327466180456e-01
-3.918342789162044593e+00 3.772008529204839977e-01
-3.905763839598121123e+00 3.222504805754806689e-01
-3.893184890034198098e+00 2.660509540046809285e-01
-3.880605940470275073e+00 2.086833903439812010e-01
-3.868026990906352047e+00 1.502310693765911420e-01
-3.855448041342429022e+00 9.077931394203098137e-02
-3.842869091778505997e+00 3.041536712054182523e-02
-3.830290142214582971e+00 -3.077173363137852835e-02
-3.817711192650659502e+00 -9.269128521406322374e-02
-3.805132243086736477e+00 -1.552510503018057486e-01
-3.792553293522813451e+00 -2.183573912555326624e-01
-3.779974343958890426e+00 -2.819154063386867248e-01
-3.767395394394967401e+00 -3.458290680404982886e-01
-3.754816444831044375e+00 -4.100013633077503883e-01
-3.742237495267120906e+00 -4.743344354830483223e-01
-3.729658545703197881e+00 -5.387297277451688071e-01
-3.717079596139274855e+00 -6.030881278445877625e-01
-3.704500646575351830e+00 -6.673101139253548864e-01
-3.691921697011428805e+00 -7.312959012226690758e-01
-3.679342747447505779e+00 -7.949455894241336251e-01
-3.666763797883582754e+00 -8.581593104815359307e-01
-3.654184848319659284e+00 -9.208373766591527732e-01
-3.641605898755736259e+00 -9.828804286040406790e-01
-3.629026949191813234e+00 -1.044189583223653850e+00
-3.616447999627890209e+00 -1.104666581156156235e+00
-3.603869050063967183e+00 -1.164213933619177688e+00
-3.591290100500044158e+00 -1.222735068423618232e+00
-3.578711150936120688e+00 -1.280134474939929490e+00
-3.566132201372197663e+00 -1.336317847805827075e+00
-3.553553251808274638e+00 -1.391192229165865379e+00
-3.540974302244351613e+00 -1.444666149235348751e+00
-3.528395352680428587e+00 -1.496649764983199571e+00
-3.515816403116505562e+00 -1.547054996730990339e+00
-3.503237453552582092e+00 -1.595795662468165510e+00
-3.490658503988659067e+00 -1.642787609686538808e+00
-3.478079554424736042e+00 -1.687948844540601456e+00
-3.465500604860813016e+00 -1.731199658143780962e+00
-3.452921655296889991e+00 -1.772462749814847083e+00
-3.440342705732966966e+00 -1.811663347092713483e+00
-3.427763756169043941e+00 -1.848729322342548276e+00
-3.415184806605120471e+00 -1.883591305780644820e+00
-3.402605857041197446e+00 -1.916182794750669327e+00
-3.390026907477274420e+00 -1.946440259088979108e+00
-3.377447957913351395e+00 -1.974303242422271065e+00
-3.364869008349428370e+00 -1.999714459246428433e+00
-3.352290058785505344e+00 -2.022619887641395220e+00
-3.339711109221581875e+00 -2.042968857483013601e+00
-3.327132159657658850e+00 -2.060714134019062005e+00
-3.314553210093735824e+00 -2.075811996683261107e+00
-3.301974260529812799e+00 -2.088222313027699339e+00
-3.289395310965889774e+00 -2.097908607661052471e+00
-3.276816361401966748e+00 -2.104838126086912897e+00
-3.264237411838043279e+00 -2.108981893343861103e+00
-3.251658462274120254e+00 -2.110314767356129995e+00
-3.239079512710197228e+00 -2.108815486911280068e+00
-3.226500563146274203e+00 -2.104466714188846677e+00
-3.213921613582351178e+00 -2.097255071771656709e+00
-3.201342664018428152e+00 -2.087171174079296421e+00
-3.188763714454505127e+00 -2.074209653171154244e+00
-3.176184764890581658e+00 -2.058369178874414285e+00
-3.163605815326658632e+00 -2.039652473200443072e+00
-3.151026865762735607e+00 -2.018066319021110555e+00
-3.138447916198812582e+00 -1.993621562984754458e+00
-3.125868966634889556e+00 -1.966333112659675475e+00
-3.113290017070966531e+00 -1.936219927901261517e+00
-3.100711067507043062e+00 -1.903305006447063130e+00
-3.088132117943120036e+00 -1.867615363752372470e+00
-3.075553168379197011e+00 -1.829182007087029493e+00
-3.062974218815273986e+00 -1.788039903922420626e+00
-3.050395269251350960e+00 -1.744227944645718731e+00
-3.037816319687427935e+00 -1.697788899646561322e+00
-3.025237370123504910e+00 -1.648769370829377356e+00
-3.012658420559581440e+00 -1.597219737612540769e+00
-3.000079470995658415e+00 -1.543194097483441718e+00
-2.987500521431735390e+00 -1.486750201186309184e+00
-2.974921571867812364e+00 -1.427949382627384800e+00
-2.962342622303889339e+00 -1.366856483589522275e+00
-2.949763672739966314e+00 -1.303539773355837816e+00
-2.937184723176042844e+00 -1.238070863349243211e+00
-2.924605773612119819e+00 -1.170524616901965409e+00
-2.912026824048196794e+00 -1.100979054276045588e+00
-2.899447874484273768e+00 -1.029515253062750713e+00
-2.886868924920350743e+00 -9.562172440954168628e-01
-2.874289975356427718e+00 -8.811719030167641797e-01
-2.861711025792504692e+00 -8.044688376479774972e-01
-2.849132076228581223e+00 -7.262002713128988818e-01
-2.836553126664658198e+00 -6.464609222765949070e-01
-2.823974177100735172e+00 -5.653478794631134896e-01
-2.811395227536812147e+00 -4.829604746227595946e-01
-2.798816277972889122e+00 -3.994001511242371016e-01
-2.786237328408966096e+00 -3.147703295521007139e-01
-2.773658378845042627e+00 -2.291762702944450947e-01
-2.761079429281119602e+00 -1.427249333103536300e-01
-2.748500479717196576e+00 -5.552483527059159929e-02
-2.735921530153273551e+00 3.231409573094912169e-02
-2.723342580589350526e+00 1.206806676940636036e-01
-2.710763631025427500e+00 2.094625742529210299e-01
-2.698184681461504031e+00 2.985465460332712984e-01
-2.685605731897581006e+00 3.878185036160841648e-01
-2.673026782333657980e+00 4.771637118950554091e-01
-2.660447832769734955e+00 5.664669356133298361e-01
-2.647868883205811930e+00 6.556125958628817862e-01
-2.635289933641888904e+00 7.444849273285990554e-01
-2.622710984077965879e+00 8.329681360577032567e-01
-2.610132034514042410e+00 9.209465575344425448e-01
-2.597553084950119384e+00 1.008304814839161567e+00
-2.584974135386196359e+00 1.094927976670812875e+00
-2.572395185822273334e+00 1.180701715011744701e+00
-2.559816236258350308e+00 1.265512462214132938e+00
-2.547237286694427283e+00 1.349247567287959804e+00
-2.534658337130503813e+00 1.431795451171442357e+00
-2.522079387566580788e+00 1.513045760766057679e+00
-2.509500438002657763e+00 1.592889521519918361e+00
-2.496921488438734738e+00 1.671219288345108023e+00
-2.484342538874811712e+00 1.747929294656739074e+00
-2.471763589310888687e+00 1.822915599324097080e+00
-2.459184639746965217e+00 1.896076231326843553e+00
-2.446605690183042192e+00 1.967311331912493522e+00
-2.434026740619119167e+00 2.036523294054640942e+00
-2.421447791055196141e+00 2.103616899015078978e+00
-2.408868841491273116e+00 2.168499449816913671e+00
-2.396289891927350091e+00 2.231080901439943087e+00
-2.383710942363427066e+00 2.291273987554059310e+00
-2.371131992799503596e+00 2.348994343611148228e+00
-2.358553043235580571e+00 2.404160626120959598e+00
-2.345974093671657545e+00 2.456694627941646836e+00
-2.333395144107734520e+00 2.506521389421166202e+00
-2.320816194543811495e+00 2.553569305231377484e+00
-2.308237244979888469e+00 2.597770226742726951e+00
-2.295658295415965000e+00 2.639059559793410781e+00
-2.283079345852041975e+00 2.677376357713393773e+00
-2.270500396288118949e+00 2.712663409470137399e+00
-2.257921446724195924e+00 2.744867322809661836e+00
-2.245342497160272899e+00 2.773938602273511744e+00
-2.232763547596349873e+00 2.799831721979259225e+00
-2.220184598032426848e+00 2.822505193059466233e+00
-2.207605648468503823e+00 2.841921625661418371e+00
-2.195026698904580797e+00 2.858047785417501707e+00
-2.182447749340657772e+00 2.870854644303765024e+00
-2.169868799776733859e+00 2.880317425812020549e+00
-2.157289850212810833e+00 2.886415644368721445e+00
-2.144710900648887808e+00 2.889133138941879064e+00
-2.132131951084964783e+00 2.888458100785350702e+00
-2.119553001521041757e+00 2.884383095277998965e+00
-2.106974051957118732e+00 2.876905077823448842e+00
-2.094395102393195707e+00 2.866025403784438819e+00
-2.081816152829272681e+00 2.851749832434073539e+00
-2.069237203265349656e+00 2.834088524914633034e+00
-2.056658253701426631e+00 2.813056036202949972e+00
-2.044079304137503605e+00 2.788671301089712173e+00
-2.031500354573580580e+00 2.760957614188426668e+00
-2.018921405009657555e+00 2.729942603998085637e+00
-2.006342455445733641e+00 2.695658201051896352e+00
-1.993763505881810616e+00 2.658140600192697267e+00
-1.981184556317887591e+00 2.617430217023846595e+00
-1.968605606753964565e+00 2.573571638592575539e+00
-1.956026657190041540e+00 2.526613568370794205e+00
-1.943447707626118515e+00 2.476608765606340690e+00
-1.930868758062195489e+00 2.423613979125519791e+00
-1.918289808498272464e+00 2.367689875675548450e+00
-1.905710858934349439e+00 2.308900962903146059e+00
-1.893131909370426413e+00 2.247315507073015528e+00
-1.880552959806503388e+00 2.183005445637323128e+00
-1.867974010242580363e+00 2.116046294774477587e+00
-1.855395060678656449e+00 2.046517052022553962e+00
-1.842816111114733424e+00 1.974500094139599371e+00
-1.830237161550810399e+00 1.900081070329634247e+00
-1.817658211986887373e+00 1.823348790979828271e+00
-1.805079262422964348e+00 1.744395112060433739e+00
-1.792500312859041323e+00 1.663314815345237729e+00
-1.779921363295118297e+00 1.580205484616111100e+00
-1.767342413731195272e+00 1.495167378020864746e+00
-1.754763464167272247e+00 1.408303296759001455e+00
-1.742184514603349221e+00 1.319718450275102484e+00
-1.729605565039426196e+00 1.229520318144474711e+00
-1.717026615475503171e+00 1.137818508840321652e+00
-1.704447665911580145e+00 1.044724615576061888e+00
-1.691868716347656232e+00 9.503520694205217501e-01
-1.679289766783733207e+00 8.548159898875798968e-01
-1.666710817219810181e+00 7.582330332052578115e-01
-1.654131867655887156e+00 6.607212384727183530e-01
-1.641552918091964131e+00 5.623998719163727511e-01
-1.628973968528041105e+00 4.633892694590922012e-01
-1.616395018964118080e+00 3.638106778188425761e-01
-1.603816069400195055e+00 2.637860943551225690e-01
-1.591237119836272029e+00 1.634381058833472566e-01
-1.578658170272349004e+00 6.288972667875840361e-02
-1.566079220708425979e+00 -3.773576410741680265e-02
-1.553500271144502953e+00 -1.383149853960146669e-01
-1.540921321580579928e+00 -2.387246172681378176e-01
-1.528342372016656014e+00 -3.388415639692679004e-01
-1.515763422452732989e+00 -4.385431166051129703e-01
-1.503184472888809964e+00 -5.377071153055947850e-01
-1.490605523324886938e+00 -6.362121106338789467e-01
-1.478026573760963913e+00 -7.339375240186570837e-01
-1.465447624197040888e+00 -8.307638069891082333e-01
-1.452868674633117863e+00 -9.265725989936974827e-01
-1.440289725069194837e+00 -1.021246883585944509e+00
-1.427710775505271812e+00 -1.114671142762583944e+00
-1.415131825941348787e+00 -1.206731509242126466e+00
-1.402552876377425761e+00 -1.297315916474721664e+00
-1.389973926813502736e+00 -1.386314246177391851e+00
-1.377394977249579711e+00 -1.473618473192184641e+00
-1.364816027685655797e+00 -1.559122807468538596e+00
-1.352237078121732772e+00 -1.642723832975148568e+00
-1.339658128557809746e+00 -1.724320643351045845e+00
-1.327079178993886721e+00 -1.803814974109956948e+00
-1.314500229429963696e+00 -1.881111331217055316e+00
-1.301921279866040670e+00 -1.956117115862161970e+00
-1.289342330302117645e+00 -2.028742745258827807e+00
-1.276763380738194620e+00 -2.098901769304287512e+00
-1.264184431174271595e+00 -2.166510982941067365e+00
-1.251605481610348569e+00 -2.231490534067050557e+00
-1.239026532046425544e+00 -2.293764026847031623e+00
-1.226447582482502519e+00 -2.353258620285233249e+00
-1.213868632918579493e+00 -2.409905121924887261e+00
-1.201289683354655580e+00 -2.463638076547802314e+00
-1.188710733790732554e+00 -2.514395849753817469e+00
-1.176131784226809529e+00 -2.562120706307280393e+00
-1.163552834662886504e+00 -2.606758883144864924e+00
-1.150973885098963478e+00 -2.648260656946671343e+00
-1.138394935535040453e+00 -2.686580406180035574e+00
-1.125815985971117428e+00 -2.721676667533265537e+00
-1.113237036407194402e+00 -2.753512186664337058e+00
-1.100658086843271377e+00 -2.782053963197537172e+00
-1.088079137279348352e+00 -2.807273289909078429e+00
-1.075500187715425326e+00 -2.829145786050828004e+00
-1.062921238151502301e+00 -2.847651424769481299e+00
-1.050342288587579276e+00 -2.862774554586752451e+00
-1.037763339023655362e+00 -2.874503914914456004e+00
-1.025184389459732337e+00 -2.882832645586665521e+00
-1.012605439895809312e+00 -2.887758290399497163e+00
-1.000026490331886286e+00 -2.889282794657415998e+00
-9.874475407679632610e-01 -2.887412496733328560e+00
-9.748685912040402357e-01 -2.882158113658061183e+00
-9.622896416401172104e-01 -2.873534720763163630e+00
-9.497106920761941851e-01 -2.861561725409234480e+00
-9.371317425122711597e-01 -2.846262834840234124e+00
-9.245527929483481344e-01 -2.827666018212401156e+00
-9.119738433844251091e-01 -2.805803462854512098e+00
-8.993948938205020838e-01 -2.780711524824242442e+00
-8.868159442565781703e-01 -2.752430673833313524e+00
-8.742369946926551449e-01 -2.721005432621953712e+00
-8.616580451287321196e-01 -2.686484310870868697e+00
-8.490790955648090943e-01 -2.648919733746561533e+00
-8.365001460008860690e-01 -2.608367965183234105e+00
-8.239211964369630437e-01 -2.564889026011822448e+00
-8.113422468730400183e-01 -2.518546607053852693e+00
-7.987632973091169930e-01 -2.469407977304783230e+00
-7.861843477451939677e-01 -2.417543887338275965e+00
-7.736053981812709424e-01 -2.363028468069456878e+00
-7.610264486173479170e-01 -2.305939125021630343e+00
-7.484474990534248917e-01 -2.246356428247113790e+00
-7.358685494895018664e-01 -2.184363998058842959e+00
-7.232895999255779529e-01 -2.120048386735168933e+00
-7.107106503616549276e-01 -2.053498956365819694e+00
-6.981317007977319022e-01 -1.984807753012208575e+00
-6.855527512338088769e-01 -1.914069377360473556e+00
-6.729738016698858516e-01 -1.841380852050272576e+00
-6.603948521059628263e-01 -1.766841485866983863e+00
-6.478159025420398009e-01 -1.690552734989203110e+00
-6.352369529781167756e-01 -1.612618061487427257e+00
-6.226580034141937503e-01 -1.533142789273533868e+00
-6.100790538502707250e-01 -1.452233957704101464e+00
-5.975001042863476997e-01 -1.370000173043763869e+00
-5.849211547224246743e-01 -1.286551457997641146e+00
-5.723422051585016490e-01 -1.201999099524463599e+00
-5.597632555945777355e-01 -1.116455495144241583e+00
-5.471843060306547102e-01 -1.030033997956345537e+00
-5.346053564667316849e-01 -9.428487605853813625e-01
-5.220264069028086595e-01 -8.550145782738020062e-01
-5.094474573388856342e-01 -7.666467313410163520e-01
-4.968685077749626089e-01 -6.778608272296144932e-01
-4.842895582110395836e-01 -5.887726423596899572e-01
-4.717106086471165582e-01 -4.994979640123515807e-01
-4.591316590831935329e-01 -4.101524324633016860e-01
-4.465527095192705076e-01 -3.208513835868354591e-01
-4.339737599553474823e-01 -2.317096921497794337e-01
-4.213948103914244570e-01 -1.428416160137437885e-01
-4.088158608275014316e-01 -5.436064146260954910e-02
-3.962369112635775181e-01 3.362067012959180090e-02
-3.836579616996544928e-01 1.209908340772694046e-01
-3.710790121357314675e-01 2.076395923976862568e-01
-3.585000625718084422e-01 2.934580618529899487e-01
-3.459211130078854168e-01 3.783388798148247245e-01
-3.333421634439623915e-01 4.621763477495963723e-01
-3.207632138800393662e-01 5.448665721260277373e-01
-3.081842643161163409e-01 6.263076025504451527e-01
-2.956053147521933155e-01 7.063995669392986176e-01
-2.830263651882702902e-01 7.850448035427765037e-01
-2.704474156243472649e-01 8.621479896379674601e-01
-2.578684660604242396e-01 9.376162667148849605e-01
-2.452895164965003261e-01 1.011359361983782623e+00
-2.327105669325773007e-01 1.083289706037493749e+00
-2.201316173686542754e-01 1.153322546508216195e+00
-2.075526678047312501e-01 1.221376057563789752e+00
-1.949737182408082248e-01 1.287371445094705136e+00
-1.823947686768851995e-01 1.351233047449208247e+00
-1.698158191129621741e-01 1.412888431580316961e+00
-1.572368695490391488e-01 1.472268484475185879e+00
-1.446579199851161235e-01 1.529307499744036569e+00
-1.320789704211930982e-01 1.583943259252846403e+00
-1.195000208572700728e-01 1.636117109691102245e+00
-1.069210712933470475e-01 1.685774033973206798e+00
-9.434212172942402219e-02 1.732862717379539008e+00
-8.176317216550010869e-02 1.777335608350707252e+00
-6.918422260157708337e-02 1.819148973856185458e+00
-5.660527303765405804e-02 1.858262949266343611e+00
-4.402632347373103272e-02 1.894641582664649215e+00
-3.144737390980800740e-02 1.928252873544866519e+00
-1.886842434588498207e-02 1.959068805846048145e+00
-6.289474781961956751e-03 1.987065375286204194e+00
6.289474781961068572e-03 2.012222610963686265e+00
1.886842434588409390e-02 2.034524591203482391e+00
3.144737390980711922e-02 2.053959453633829924e+00
4.402632347373014454e-02 2.070519399486771217e+00
5.660527303765316987e-02 2.084200692124489329e+00
6.918422260157619519e-02 2.095003649801492340e+00
8.176317216550010869e-02 2.102932632680895697e+00
9.434212172942313401e-02 2.107996024131216117e+00
1.069210712933461593e-01 2.110206206338225421e+00
1.195000208572691847e-01 2.109579530274464432e+00
1.320789704211922100e-01 2.106136280077025802e+00
1.446579199851152353e-01 2.099900631892138936e+00
1.572368695490382606e-01 2.090900607252926147e+00
1.698158191129612860e-01 2.079168021064434324e+00
1.823947686768843113e-01 2.064738424277674067e+00
1.949737182408073366e-01 2.047651041341900680e+00
2.075526678047303619e-01 2.027948702531754410e+00
2.201316173686533872e-01 2.005677771253088881e+00
2.327105669325764126e-01 1.980888066438419859e+00
2.452895164965003261e-01 1.953632780149818338e+00
2.578684660604233514e-01 1.923968390513838500e+00
2.704474156243463767e-01 1.891954570119597445e+00
2.830263651882694020e-01 1.857654090017546000e+00
2.956053147521924274e-01 1.821132719462587257e+00
3.081842643161154527e-01 1.782459121551190906e+00
3.207632138800384780e-01 1.741704744907885960e+00
3.333421634439615033e-01 1.698943711582031169e+00
3.459211130078845287e-01 1.654252701321052843e+00
3.585000625718075540e-01 1.607710832391370914e+00
3.710790121357305793e-01 1.559399539123048406e+00
3.836579616996536046e-01 1.509402446358718342e+00
3.962369112635766299e-01 1.457805240991646434e+00
4.088158608275005435e-01 1.404695540781773389e+00
4.213948103914235688e-01 1.350162760642366067e+00
4.339737599553465941e-01 1.294297976593280719e+00
4.465527095192696194e-01 1.237193787580152415e+00
4.591316590831926447e-01 1.178944175361591018e+00
4.717106086471156701e-01 1.119644362669141691e+00
4.842895582110386954e-01 1.059390669847043887e+00
4.968685077749617207e-01 9.982803701808433683e-01
5.094474573388847460e-01 9.364115441256111172e-01
5.220264069028077714e-01 8.738829326459326419e-01
5.346053564667307967e-01 8.107937898809304267e-01
5.471843060306538220e-01 7.472437353483708522e-01
5.597632555945768473e-01 6.833326059023991927e-01
5.723422051585007608e-01 6.191603076596132738e-01
5.849211547224237862e-01 5.548266681080906704e-01
5.975001042863468115e-01 4.904312886134502003e-01
6.100790538502698368e-01 4.260733975354392689e-01
6.226580034141928621e-01 3.618517041673310342e-01
6.352369529781158874e-01 2.978642537091514830e-01
6.478159025420389128e-01 2.342082834840686356e-01
6.603948521059619381e-01 1.709800806053199951e-01
6.729738016698849634e-01 1.082748412988004949e-01
6.855527512338079887e-01 4.618653208388423526e-02
6.981317007977310141e-01 -1.519224698778798288e-02
7.107106503616540394e-01 -7.577039683894404298e-02
7.232895999255779529e-01 -1.354584514255416927e-01
7.358685494895009782e-01 -1.941687071583064750e-01
7.484474990534240035e-01 -2.518153495014441301e-01
7.610264486173470289e-01 -3.083145765670880500e-01
7.736053981812700542e-01 -3.635847195286753264e-01
7.861843477451930795e-01 -4.175463596810773392e-01
7.987632973091161048e-01 -4.701224419803198273e-01
8.113422468730391302e-01 -5.212383849009362136e-01
8.239211964369621555e-01 -5.708221864544387181e-01
8.365001460008851808e-01 -6.188045262180605910e-01
8.490790955648082061e-01 -6.651188632288046465e-01
8.616580451287312314e-01 -7.097015296039198562e-01
8.742369946926542568e-01 -7.524918197552137311e-01
8.868159442565781703e-01 -7.934320750710806003e-01
8.993948938205011956e-01 -8.324677639467679136e-01
9.119738433844242209e-01 -8.695475570502726459e-01
9.245527929483472462e-01 -9.046233977181483699e-01
9.371317425122702716e-01 -9.376505673827348897e-01
9.497106920761932969e-01 -9.685877459395281219e-01
9.622896416401163222e-01 -9.973970669708306369e-01
9.748685912040393475e-01 -1.024044167749334600e+00
9.874475407679623729e-01 -1.048498233952916525e+00
1.000026490331885398e+00 -1.070732039029637983e+00
1.012605439895808424e+00 -1.090721978159761463e+00
1.025184389459731449e+00 -1.108448096769456104e+00
1.037763339023654474e+00 -1.123894113558829400e+00
1.050342288587578388e+00 -1.137047438014890721e+00
1.062921238151501413e+00 -1.147899182388109063e+00
1.075500187715424438e+00 -1.156444168119276750e+00
1.088079137279347464e+00 -1.162680926711460394e+00
1.100658086843270489e+00 -1.166611695049924569e+00
1.113237036407193514e+00 -1.168242405180968557e+00
1.125815985971116540e+00 -1.167582668568689641e+00
1.138394935535039565e+00 -1.164645754856701299e+00
1.150973885098962590e+00 -1.159448565169834522e+00
1.163552834662885616e+00 -1.152011599998768787e+00
1.176131784226808641e+00 -1.142358921718424014e+00
1.188710733790731666e+00 -1.130518111798726189e+00
1.201289683354654692e+00 -1.116520222774071147e+00
1.213868632918578605e+00 -1.100399725045420496e+00
1.226447582482501630e+00 -1.082194448596468295e+00
1.239026532046424656e+00 -1.061945519712675701e+00
1.251605481610347681e+00 -1.039697292799258488e+00
1.264184431174270706e+00 -1.015497277401290699e+00
1.276763380738193732e+00 -9.893960605360563321e-01
1.289342330302116757e+00 -9.614472244545860802e-01
1.301921279866039782e+00 -9.317072599559362844e-01
1.314500229429962808e+00 -9.002354753842172208e-01
1.327079178993885833e+00 -8.670939014446386039e-01
1.339658128557808858e+00 -8.323471919808962394e-01
1.352237078121731884e+00 -7.960625208620821791e-01
1.364816027685655797e+00 -7.583094751329304550e-01
1.377394977249578822e+00 -7.191599445866502238e-01
1.389973926813501848e+00 -6.786880079247197273e-01
1.402552876377424873e+00 -6.369698156730532190e-01
1.415131825941347898e+00 -5.940834700285645420e-01
1.427710775505270924e+00 -5.501089018146452236e-01
1.440289725069193949e+00 -5.051277447282487287e-01
1.452868674633116974e+00 -4.592232070651969256e-01
1.465447624197040000e+00 -4.124799411139775107e-01
1.478026573760963025e+00 -3.649839104116762156e-01
1.490605523324886050e+00 -3.168222550587838082e-01
1.503184472888809076e+00 -2.680831552924297090e-01
1.515763422452732101e+00 -2.188556935201160791e-01
1.528342372016656014e+00 -1.692297150182489052e-01
1.540921321580579040e+00 -1.192956875017242568e-01
1.553500271144502065e+00 -6.914455977238595508e-02
1.566079220708425090e+00 -1.886761965562892482e-02
1.578658170272348116e+00 3.144364856467105063e-02
1.591237119836271141e+00 8.169770700191904267e-02
1.603816069400194166e+00 1.318031071018768152e-01
1.616395018964117192e+00 1.816686324455564217e-01
1.628973968528040217e+00 2.312034412086276525e-01
1.641552918091963242e+00 2.803172080665302657e-01
1.654131867655886268e+00 3.289202653352881756e-01
1.666710817219809293e+00 3.769237431391255777e-01
1.679289766783732318e+00 4.242397083973964422e-01
1.691868716347656232e+00 4.707813024250505629e-01
1.704447665911579257e+00 5.164628769428437627e-01
1.717026615475502282e+00 5.612001282958725135e-01
1.729605565039424420e+00 6.049102296814878876e-01
1.742184514603348333e+00 6.475119611906657857e-01
1.754763464167270470e+00 6.889258374699229748e-01
1.767342413731194384e+00 7.290742328145255469e-01
1.779921363295118297e+00 7.678815035071654416e-01
1.792500312859040434e+00 8.052741072205816808e-01
1.805079262422964348e+00 8.411807193066435095e-01
1.817658211986886485e+00 8.755323457989394598e-01
1.830237161550810399e+00 9.082624329608554037e-01
1.842816111114732536e+00 9.393069732158410012e-01
1.855395060678656449e+00 9.686046073021221670e-01
1.867974010242578586e+00 9.960967224992811619e-01
1.880552959806502500e+00 1.021727546780108575e+00
1.893131909370424637e+00 1.045444238746765286e+00
1.905710858934348551e+00 1.067196973216656186e+00
1.918289808498270688e+00 1.086939022329493021e+00
1.930868758062194601e+00 1.104626832053726027e+00
1.943447707626118515e+00 1.120220093977007281e+00
1.956026657190040652e+00 1.133681812272349543e+00
1.968605606753964565e+00 1.144978365738533288e+00
1.981184556317886702e+00 1.154079564820489345e+00
1.993763505881810616e+00 1.160958703522716462e+00
2.006342455445732753e+00 1.165592606136116371e+00
2.018921405009656667e+00 1.167961668706248846e+00
2.031500354573578804e+00 1.168049895178567166e+00
2.044079304137502717e+00 1.165844928163979777e+00
2.056658253701424854e+00 1.161338074275863441e+00
2.069237203265348768e+00 1.154524323997553559e+00
2.081816152829270905e+00 1.145402366047288512e+00
2.094395102393194819e+00 1.133974596215562070e+00
2.106974051957118732e+00 1.120247120657911211e+00
2.119553001521040869e+00 1.104229753634187849e+00
2.132131951084964783e+00 1.085936009693460935e+00
2.144710900648886920e+00 1.065383090311813330e+00
2.157289850212810833e+00 1.042591864998271500e+00
2.169868799776732970e+00 1.017586846892314600e+00
2.182447749340656884e+00 9.903961628842483655e-01
2.195026698904579021e+00 9.610515182979149085e-01
2.207605648468502935e+00 9.295881561829183459e-01
2.220184598032425072e+00 8.960448112716454805e-01
2.232763547596348985e+00 8.604636586638860773e-01
2.245342497160271122e+00 8.228902573098395568e-01
2.257921446724195036e+00 7.833734883695853135e-01
2.270500396288118949e+00 7.419654885349044049e-01
2.283079345852041087e+00 6.987215784064100266e-01
2.295658295415965000e+00 6.537001860263703668e-01
2.308237244979887137e+00 6.069627656747061950e-01
2.320816194543811051e+00 5.585737120423800439e-01
2.333395144107733188e+00 5.086002699035161445e-01
2.345974093671657101e+00 4.571124394137970892e-01
2.358553043235579239e+00 4.041828771695363809e-01
2.371131992799503152e+00 3.498867931676231668e-01
2.383710942363425289e+00 2.943018438130222680e-01
2.396289891927349203e+00 2.375080211258788765e-01
2.408868841491271340e+00 1.795875383063669783e-01
2.421447791055195253e+00 1.206247118203137569e-01
2.434026740619119167e+00 6.070584017428481971e-02
2.446605690183041304e+00 -8.092044672247666881e-05
2.459184639746965217e+00 -6.164568350087940019e-02
2.471763589310887355e+00 -1.238969621879021377e-01
2.484342538874811268e+00 -1.867418021378381976e-01
2.496921488438733405e+00 -2.500859164995279382e-01
2.509500438002657319e+00 -3.138338232349370260e-01
2.522079387566579456e+00 -3.778889844216630767e-01
2.534658337130503369e+00 -4.421539473634307216e-01
2.547237286694425507e+00 -5.065304873050492374e-01
2.559816236258349420e+00 -5.709197515464101702e-01
2.572395185822273334e+00 -6.352224047473473689e-01
2.584974135386195471e+00 -6.993387752138106039e-01
2.597553084950119384e+00 -7.631690019538969194e-01
2.610132034514041521e+00 -8.266131822910101068e-01
2.622710984077965435e+00 -8.895715198207545527e-01
2.635289933641887572e+00 -9.519444724969992055e-01
2.647868883205811485e+00 -1.013632900632749356e+00
2.660447832769733623e+00 -1.074538214600839314e+00
2.673026782333657536e+00 -1.134562522020279740e+00
2.685605731897579673e+00 -1.193608774214097945e+00
2.698184681461503587e+00 -1.251580911725929335e+00
2.710763631025425724e+00 -1.308384008683248112e+00
2.723342580589349637e+00 -1.363924415797148626e+00
2.735921530153273551e+00 -1.418109901789845084e+00
2.748500479717195688e+00 -1.470849793043598197e+00
2.761079429281119602e+00 -1.522055111266877425e+00
2.773658378845041739e+00 -1.571638708976245802e+00
2.786237328408965652e+00 -1.619515402595679276e+00
2.798816277972887789e+00 -1.665602102977874921e+00
2.811395227536811703e+00 -1.709817943156080489e+00
2.823974177100733840e+00 -1.752084403138350233e+00
2.836553126664657754e+00 -1.792325431560632509e+00
2.849132076228579891e+00 -1.830467564019035986e+00
2.861711025792503804e+00 -1.866440037906615945e+00
2.874289975356425941e+00 -1.900174903584505248e+00
2.886868924920349855e+00 -1.931607131722681725e+00
2.899447874484273768e+00 -1.960674716650664617e+00
2.912026824048195905e+00 -1.987318775564296924e+00
2.924605773612119819e+00 -2.011483643440393987e+00
2.937184723176041956e+00 -2.033116963517066722e+00
2.949763672739965870e+00 -2.052169773203873504e+00
2.962342622303888007e+00 -2.068596585292181267e+00
2.974921571867811920e+00 -2.082355464342926510e+00
2.987500521431734057e+00 -2.093408098135561612e+00
3.000079470995657971e+00 -2.101719864069101273e+00
3.012658420559580108e+00 -2.107259890413161862e+00
3.025237370123504022e+00 -2.110001112314257021e+00
3.037816319687426159e+00 -2.109920322469945653e+00
3.050395269251350072e+00 -2.106998216391020140e+00
3.062974218815273986e+00 -2.101219432179535662e+00
3.075553168379196123e+00 -2.092572584758277898e+00
3.088132117943120036e+00 -2.081050294495090380e+00
3.100711067507042173e+00 -2.066649210173478135e+00
3.113290017070966087e+00 -2.049370026268845457e+00
3.125868966634888224e+00 -2.029217494497918217e+00
3.138447916198812138e+00 -2.006200429616890268e+00
3.151026865762734275e+00 -1.980331709452179068e+00
3.163605815326658188e+00 -1.951628269155680995e+00
3.176184764890580325e+00 -1.920111089684849004e+00
3.188763714454504239e+00 -1.885805180515903068e+00
3.201342664018426376e+00 -1.848739556606954437e+00
3.213921613582350290e+00 -1.808947209635742848e+00
3.226500563146274203e+00 -1.766465073545148368e+00
3.239079512710196340e+00 -1.721333984437487530e+00
3.251658462274120254e+00 -1.673598634866839463e+00
3.264237411838042391e+00 -1.623307522586691753e+00
3.276816361401966304e+00 -1.570512893817871847e+00
3.289395310965888442e+00 -1.515270681109962769e+00
3.301974260529812355e+00 -1.457640435876696561e+00
3.314553210093734492e+00 -1.397685255693916329e+00
3.327132159657658406e+00 -1.335471706455731322e+00
3.339711109221580543e+00 -1.271069739492363126e+00
3.352290058785504456e+00 -1.204552603759905915e+00
3.364869008349426593e+00 -1.135996753219842725e+00
3.377447957913350507e+00 -1.065481749532521949e+00
3.390026907477274420e+00 -9.930901601961239500e-01
3.402605857041196558e+00 -9.189074522686906388e-01
3.415184806605120471e+00 -8.430218818174872730e-01
3.427763756169042608e+00 -7.655243792461751129e-01
3.440342705732966522e+00 -6.865084306558422167e-01
3.452921655296888659e+00 -6.060699554023077917e-01
3.465500604860812572e+00 -5.243071800169322172e-01
3.478079554424734710e+00 -4.413205086641762698e-01
3.490658503988658623e+00 -3.572123903134641898e-01
3.503237453552580760e+00 -2.720871828084381328e-01
3.515816403116504674e+00 -1.860510140204892915e-01
3.528395352680426811e+00 -9.921164027847650946e-02
3.540974302244350724e+00 -1.167830226979005293e-02
3.553553251808274638e+00 7.643842138758993876e-02
3.566132201372196775e+00 1.650267626996169135e-01
3.578711150936120688e+00 2.539739147712676282e-01
3.591290100500042826e+00 3.431661839933000113e-01
3.603869050063966739e+00 4.324891437296305985e-01
3.616447999627888876e+00 5.218277892913012472e-01
3.629026949191812790e+00 6.110666939818045762e-01
3.641605898755734927e+00 7.000901659960511170e-01
3.654184848319658840e+00 7.887824059546949540e-01
3.666763797883580978e+00 8.770276648536547981e-01
3.679342747447504891e+00 9.647104022087210629e-01
3.691921697011427028e+00 1.051715444173886738e+00
3.704500646575350942e+00 1.137928141412705374e+00
3.717079596139274855e+00 1.223234526501378649e+00
3.729658545703196992e+00 1.307521470643451478e+00
3.742237495267120906e+00 1.390676839476366222e+00
3.754816444831043043e+00 1.472589647751248565e+00
3.767395394394966956e+00 1.553150212669125008e+00
3.779974343958889094e+00 1.632250305657847456e+00
3.792553293522813007e+00 1.709783302376765235e+00
3.805132243086735144e+00 1.785644330737781171e+00
3.817711192650659058e+00 1.859730416734792335e+00
3.830290142214581195e+00 1.931940627875730510e+00
3.842869091778505108e+00 2.002176214015330302e+00
3.855448041342427246e+00 2.070340745389588122e+00
3.868026990906351159e+00 2.136340247657320557e+00
3.880605940470275073e+00 2.200083333757656412e+00
3.893184890034197210e+00 2.261481332397200728e+00
3.905763839598121123e+00 2.320448412984843500e+00
3.918342789162043260e+00 2.376901706837079686e+00
3.930921738725967174e+00 2.430761424482109412e+00
3.943500688289889311e+00 2.481950968895864307e+00
3.956079637853813225e+00 2.530397044509222759e+00
3.968658587417735362e+00 2.576029761830983755e+00
3.981237536981659275e+00 2.618782737537709071e+00
3.993816486545581412e+00 2.658593189887318076e+00
4.006395436109505326e+00 2.695402029320228543e+00
4.018974385673427463e+00 2.729153944118076325e+00
4.031553335237351376e+00 2.759797480997263186e+00
4.044132284801275290e+00 2.787285120521248771e+00
4.056711234365197427e+00 2.811573347222976693e+00
4.069290183929121341e+00 2.832622714335973235e+00
4.081869133493043478e+00 2.850397903040167158e+00
4.094448083056967391e+00 2.864867776136207578e+00
4.107027032620889528e+00 2.876005426069612625e+00
4.119605982184813442e+00 2.883788217234124041e+00
4.132184931748735579e+00 2.888197822491429978e+00
4.144763881312659493e+00 2.889220253852600173e+00
4.157342830876581630e+00 2.886845887274605005e+00
4.169921780440505543e+00 2.881069481533544252e+00
4.182500730004427680e+00 2.871890191144434112e+00
4.195079679568351594e+00 2.859311573305692633e+00
4.207658629132275507e+00 2.843341588854826796e+00
4.220237578696197644e+00 2.823992597230124524e+00
4.232816528260121558e+00 2.801281345441539283e+00
4.245395477824043695e+00 2.775228951062360228e+00
4.257974427387967609e+00 2.745860879261471599e+00
4.270553376951889746e+00 2.713206913904523176e+00
4.283132326515813659e+00 2.677301122760372465e+00
4.295711276079735796e+00 2.638181816857665840e+00
4.308290225643659710e+00 2.595891504044296472e+00
4.320869175207581847e+00 2.550476836810896764e+00
4.333448124771505761e+00 2.501988554447202251e+00
4.346027074335429674e+00 2.450481419608395939e+00
4.358606023899351811e+00 2.396014149376027191e+00
4.371184973463275725e+00 2.338649340905999630e+00
4.383763923027197862e+00 2.278453391763731517e+00
4.396342872591121775e+00 2.215496415053731294e+00
4.408921822155043913e+00 2.149852149458559847e+00
4.421500771718967826e+00 2.081597864308764478e+00
4.434079721282889963e+00 2.010814259812859994e+00
4.446658670846813877e+00 1.937585362582639803e+00
4.459237620410736014e+00 1.861998416596281514e+00
4.471816569974659927e+00 1.784143769747466468e+00
4.484395519538582064e+00 1.704114756135574504e+00
4.496974469102505978e+00 1.622007574257291473e+00
4.509553418666429891e+00 1.537921161266398329e+00
4.522132368230352029e+00 1.451957063473388931e+00
4.534711317794275942e+00 1.364219303262223626e+00
4.547290267358198079e+00 1.274814242606558956e+00
4.559869216922121993e+00 1.183850443372119088e+00
4.572448166486044130e+00 1.091438524597076354e+00
4.585027116049968043e+00 9.976910169457458011e-01
4.597606065613890181e+00 9.027222145356778027e-01
4.610185015177814094e+00 8.066480243410795170e-01
4.622763964741736231e+00 7.095858133797406930e-01
4.635342914305660145e+00 6.116542538928820827e-01
4.647921863869582282e+00 5.129731667310278853e-01
4.660500813433506195e+00 4.136633631606420058e-01
4.673079762997430109e+00 3.138464853093473339e-01
4.685658712561352246e+00 2.136448454686798448e-01
4.698237662125276159e+00 1.131812644754164182e-01
4.710816611689198297e+00 1.257890939380990926e-02
4.723395561253122210e+00 -8.803886927845180899e-02
4.735974510817044347e+00 -1.885487006562844847e-01
4.748553460380968261e+00 -2.888273565415067079e-01
4.761132409944890398e+00 -3.887519143007139855e-01
4.773711359508814311e+00 -4.881999193232254841e-01
4.786290309072736449e+00 -5.870495468352839863e-01
4.798869258636660362e+00 -6.851797628484930236e-01
4.811448208200582499e+00 -7.824704840207927781e-01
4.824027157764506413e+00 -8.788027362106898277e-01
4.836606107328430326e+00 -9.740588115064170438e-01
4.849185056892352463e+00 -1.068122423514606734e+00
4.861764006456276377e+00 -1.160878860695017112e+00
4.874342956020198514e+00 -1.252215137530595879e+00
4.886921905584122428e+00 -1.342020143325665993e+00
4.899500855148044565e+00 -1.430184788427593778e+00
4.912079804711968478e+00 -1.516602147671739509e+00
4.924658754275890615e+00 -1.601167600852555939e+00
4.937237703839814529e+00 -1.683778970028669164e+00
4.949816653403736666e+00 -1.764336653473427496e+00
4.962395602967660579e+00 -1.842743756087870333e+00
4.974974552531582717e+00 -1.918906216097271855e+00
4.987553502095506630e+00 -1.992732927858348768e+00
5.000132451659430544e+00 -2.064135860608973250e+00
5.012711401223352681e+00 -2.133030172998518381e+00
5.025290350787276594e+00 -2.199334323242486455e+00
5.037869300351198731e+00 -2.262970174751226082e+00
5.050448249915122645e+00 -2.323863097089199581e+00
5.063027199479044782e+00 -2.381942062127272663e+00
5.075606149042968696e+00 -2.437139735257809026e+00
5.088185098606890833e+00 -2.489392561548687599e+00
5.100764048170814746e+00 -2.538640846719987021e+00
5.113342997734736883e+00 -2.584828832833807155e+00
5.125921947298660797e+00 -2.627904768595585416e+00
5.138500896862582934e+00 -2.667820974172331105e+00
5.151079846426506847e+00 -2.704533900441311811e+00
5.163658795990430761e+00 -2.738004182590102698e+00
5.176237745554352898e+00 -2.768196687997152683e+00
5.188816695118276812e+00 -2.795080558329789078e+00
5.201395644682198949e+00 -2.818629245804710415e+00
5.213974594246122862e+00 -2.838820543564283039e+00
5.226553543810044999e+00 -2.855636610129987485e+00
5.239132493373968913e+00 -2.869063987902820134e+00
5.251711442937891050e+00 -2.879093615688601560e+00
5.264290392501814964e+00 -2.885720835234621084e+00
5.276869342065737101e+00 -2.888945391772285820e+00
5.289448291629661014e+00 -2.888771428568897459e+00
5.302027241193583151e+00 -2.885207475499962815e+00
5.314606190757507065e+00 -2.878266431661824942e+00
5.327185140321430978e+00 -2.867965542052687500e+00
5.339764089885353116e+00 -2.854326368358365951e+00
5.352343039449277029e+00 -2.837374753887305978e+00
5.364921989013199166e+00 -2.817140782707591384e+00
5.377500938577123080e+00 -2.793658733046647136e+00
5.390079888141045217e+00 -2.766967025022431415e+00
5.402658837704969130e+00 -2.737108162782663445e+00
5.415237787268891267e+00 -2.704128671136572848e+00
5.427816736832815181e+00 -2.668079026771057016e+00
5.440395686396737318e+00 -2.629013584150971639e+00
5.452974635960661232e+00 -2.586990496210287205e+00
5.465553585524583369e+00 -2.542071629948420508e+00
5.478132535088507282e+00 -2.494322477052787868e+00
5.490711484652431196e+00 -2.443812059675796178e+00
5.503290434216353333e+00 -2.390612831500934732e+00
5.515869383780277246e+00 -2.334800574239279669e+00
5.528448333344199384e+00 -2.276454289704124889e+00
5.541027282908123297e+00 -2.215656087617173586e+00
5.553606232472045434e+00 -2.152491069306165627e+00
5.566185182035969348e+00 -2.087047207458854636e+00
5.578764131599891485e+00 -2.019415222104223417e+00
5.591343081163815398e+00 -1.949688452996517718e+00
5.603922030727737535e+00 -1.877962728583042917e+00
5.616500980291661449e+00 -1.804336231740854668e+00
5.629079929855583586e+00 -1.728909362472466515e+00
5.641658879419507500e+00 -1.651784597754106798e+00
5.654237828983431413e+00 -1.573066348734724063e+00
5.666816778547353550e+00 -1.492860815486754866e+00
5.679395728111277464e+00 -1.411275839513483676e+00
5.691974677675199601e+00 -1.328420754220693834e+00
5.704553627239123514e+00 -1.244406233562781683e+00
5.717132576803045652e+00 -1.159344139076364355e+00
5.729711526366969565e+00 -1.073347365515965102e+00
5.742290475930891702e+00 -9.865296853088366680e-01
5.754869425494815616e+00 -8.990055920466610839e-01
5.767448375058737753e+00 -8.108901432339863380e-01
5.780027324622661666e+00 -7.222988025131920065e-01
5.792606274186585580e+00 -6.333472815871949990e-01
5.805185223750507717e+00 -5.441513820607098983e-01
5.817764173314431631e+00 -4.548268374211816845e-01
5.830343122878353768e+00 -3.654891553801463133e-01
5.842922072442277681e+00 -2.762534607947229048e-01
5.855501022006199818e+00 -1.872343393886185536e-01
5.868079971570123732e+00 -9.854568248985584589e-02
5.880658921134045869e+00 -1.030053300180855391e-02
5.893237870697969782e+00 7.738906717876203878e-02
5.905816820261891920e+00 1.644122280843064443e-01
5.918395769825815833e+00 2.506593607306070171e-01
5.930974719389737970e+00 3.360223240954770541e-01
5.943553668953661884e+00 4.203945698188144009e-01
5.956132618517585797e+00 5.036712844234769726e-01
5.968711568081507934e+00 5.857495288608218775e-01
5.981290517645431848e+00 6.665283751881977414e-01
5.993869467209353985e+00 7.459090401899031164e-01
6.006448416773277899e+00 8.237950157580615773e-01
6.019027366337200036e+00 9.000921958539143120e-01
6.031606315901123949e+00 9.747089998756728324e-01
6.044185265465046086e+00 1.047556492263719052e+00
6.056764215028970000e+00 1.118548498179970485e+00
6.069343164592892137e+00 1.187601715103296707e+00
6.081922114156816050e+00 1.254635820189486495e+00
6.094501063720738188e+00 1.319573573249641196e+00
6.107080013284662101e+00 1.382340915207925569e+00
6.119658962848586015e+00 1.442867061905478199e+00
6.132237912412508152e+00 1.501084593124497379e+00
6.144816861976432065e+00 1.556929536713106188e+00
6.157395811540354202e+00 1.610341447698657058e+00
6.169974761104278116e+00 1.661263482284593751e+00
6.182553710668200253e+00 1.709642466632895985e+00
6.195132660232124167e+00 1.755428960342134470e+00
6.207711609796046304e+00 1.798577314538224448e+00
6.220290559359970217e+00 1.839045724503197698e+00
6.232869508923892354e+00 1.876796276774673089e+00
6.245448458487816268e+00 1.911794990657002202e+00
6.258027408051738405e+00 1.944011854092722036e+00
6.270606357615662318e+00 1.973420853851301837e+00
6.283185307179586232e+00 1.999999999999999556e+00
