-1.500000000000000000e+00 5.000000000000000000e-01
-1.500000000000000000e+00 1.500000000000000000e+00
-1.495983935742971838e+00 1.500000000000000000e+00
-1.491967871485943675e+00 1.500000000000000000e+00
-1.487951807228915735e+00 1.500000000000000000e+00
-1.483935742971887572e+00 1.500000000000000000e+00
-1.479919678714859410e+00 1.500000000000000000e+00
-1.475903614457831248e+00 1.500000000000000000e+00
-1.471887550200803307e+00 1.500000000000000000e+00
-1.467871485943775145e+00 1.500000000000000000e+00
-1.463855421686746983e+00 1.500000000000000000e+00
-1.459839357429718820e+00 1.500000000000000000e+00
-1.455823293172690658e+00 1.500000000000000000e+00
-1.451807228915662717e+00 1.500000000000000000e+00
-1.447791164658634555e+00 1.500000000000000000e+00
-1.443775100401606393e+00 1.500000000000000000e+00
-1.439759036144578230e+00 1.500000000000000000e+00
-1.435742971887550290e+00 1.500000000000000000e+00
-1.431726907630522128e+00 1.500000000000000000e+00
-1.427710843373493965e+00 1.500000000000000000e+00
-1.423694779116465803e+00 1.500000000000000000e+00
-1.419678714859437640e+00 1.500000000000000000e+00
-1.415662650602409700e+00 1.500000000000000000e+00
-1.411646586345381538e+00 1.500000000000000000e+00
-1.407630522088353375e+00 1.500000000000000000e+00
-1.403614457831325213e+00 1.500000000000000000e+00
-1.399598393574297273e+00 1.500000000000000000e+00
-1.395582329317269110e+00 1.500000000000000000e+00
-1.391566265060240948e+00 1.500000000000000000e+00
-1.387550200803212785e+00 1.500000000000000000e+00
-1.383534136546184845e+00 1.500000000000000000e+00
-1.379518072289156683e+00 1.500000000000000000e+00
-1.375502008032128520e+00 1.500000000000000000e+00
-1.371485943775100358e+00 1.500000000000000000e+00
-1.367469879518072418e+00 1.500000000000000000e+00
-1.363453815261044255e+00 1.500000000000000000e+00
-1.359437751004016093e+00 1.500000000000000000e+00
-1.355421686746987930e+00 1.500000000000000000e+00
-1.351405622489959768e+00 1.500000000000000000e+00
-1.347389558232931828e+00 1.500000000000000000e+00
-1.343373493975903665e+00 1.500000000000000000e+00
-1.339357429718875503e+00 1.500000000000000000e+00
-1.335341365461847341e+00 1.500000000000000000e+00
-1.331325301204819400e+00 1.500000000000000000e+00
-1.327309236947791238e+00 1.500000000000000000e+00
-1.323293172690763075e+00 1.500000000000000000e+00
-1.319277108433734913e+00 1.500000000000000000e+00
-1.315261044176706751e+00 1.500000000000000000e+00
-1.311244979919678810e+00 1.500000000000000000e+00
-1.307228915662650648e+00 1.500000000000000000e+00
-1.303212851405622486e+00 1.500000000000000000e+00
-1.299196787148594323e+00 1.500000000000000000e+00
-1.295180722891566383e+00 1.500000000000000000e+00
-1.291164658634538220e+00 1.500000000000000000e+00
-1.287148594377510058e+00 1.500000000000000000e+00
-1.283132530120481896e+00 1.500000000000000000e+00
-1.279116465863453733e+00 1.500000000000000000e+00
-1.275100401606425793e+00 1.500000000000000000e+00
-1.271084337349397630e+00 1.500000000000000000e+00
-1.267068273092369468e+00 1.500000000000000000e+00
-1.263052208835341306e+00 1.500000000000000000e+00
-1.259036144578313365e+00 1.500000000000000000e+00
-1.255020080321285203e+00 1.500000000000000000e+00
-1.251004016064257041e+00 1.500000000000000000e+00
-1.246987951807228878e+00 1.500000000000000000e+00
-1.242971887550200716e+00 1.500000000000000000e+00
-1.238955823293172775e+00 1.500000000000000000e+00
-1.234939759036144613e+00 1.500000000000000000e+00
-1.230923694779116451e+00 1.500000000000000000e+00
-1.226907630522088510e+00 1.500000000000000000e+00
-1.222891566265060348e+00 1.500000000000000000e+00
-1.218875502008032186e+00 1.500000000000000000e+00
-1.214859437751004023e+00 1.500000000000000000e+00
-1.210843373493975861e+00 1.500000000000000000e+00
-1.206827309236947698e+00 1.500000000000000000e+00
-1.202811244979919758e+00 1.500000000000000000e+00
-1.198795180722891596e+00 1.500000000000000000e+00
-1.194779116465863433e+00 1.500000000000000000e+00
-1.190763052208835493e+00 1.500000000000000000e+00
-1.186746987951807331e+00 1.500000000000000000e+00
-1.182730923694779168e+00 1.500000000000000000e+00
-1.178714859437751006e+00 1.500000000000000000e+00
-1.174698795180722843e+00 1.500000000000000000e+00
-1.170682730923694681e+00 1.500000000000000000e+00
-1.166666666666666741e+00 1.500000000000000000e+00
-1.162650602409638578e+00 1.500000000000000000e+00
-1.158634538152610416e+00 1.500000000000000000e+00
-1.154618473895582476e+00 1.500000000000000000e+00
-1.150602409638554313e+00 1.500000000000000000e+00
-1.146586345381526151e+00 1.500000000000000000e+00
-1.142570281124497988e+00 1.500000000000000000e+00
-1.138554216867469826e+00 1.500000000000000000e+00
-1.134538152610441664e+00 1.500000000000000000e+00
-1.130522088353413723e+00 1.500000000000000000e+00
-1.126506024096385561e+00 1.500000000000000000e+00
-1.122489959839357399e+00 1.500000000000000000e+00
-1.118473895582329458e+00 1.500000000000000000e+00
-1.114457831325301296e+00 1.500000000000000000e+00
-1.110441767068273133e+00 1.500000000000000000e+00
-1.106425702811244971e+00 1.500000000000000000e+00
-1.102409638554216809e+00 1.500000000000000000e+00
-1.098393574297188868e+00 1.500000000000000000e+00
-1.094377510040160706e+00 1.500000000000000000e+00
-1.090361445783132543e+00 1.500000000000000000e+00
-1.086345381526104381e+00 1.500000000000000000e+00
-1.082329317269076441e+00 1.500000000000000000e+00
-1.078313253012048278e+00 1.500000000000000000e+00
-1.074297188755020116e+00 1.500000000000000000e+00
-1.070281124497991954e+00 1.500000000000000000e+00
-1.066265060240963791e+00 1.500000000000000000e+00
-1.062248995983935851e+00 1.500000000000000000e+00
-1.058232931726907688e+00 1.500000000000000000e+00
-1.054216867469879526e+00 1.500000000000000000e+00
-1.050200803212851586e+00 1.500000000000000000e+00
-1.046184738955823423e+00 1.500000000000000000e+00
-1.042168674698795261e+00 1.500000000000000000e+00
-1.038152610441767099e+00 1.500000000000000000e+00
-1.034136546184738936e+00 1.500000000000000000e+00
-1.030120481927710774e+00 1.500000000000000000e+00
-1.026104417670682833e+00 1.500000000000000000e+00
-1.022088353413654671e+00 1.500000000000000000e+00
-1.018072289156626509e+00 1.500000000000000000e+00
-1.014056224899598568e+00 1.500000000000000000e+00
-1.010040160642570406e+00 1.500000000000000000e+00
-1.006024096385542244e+00 1.500000000000000000e+00
-1.002008032128514081e+00 1.500000000000000000e+00
-9.979919678714859188e-01 1.500000000000000000e+00
-9.939759036144577564e-01 1.500000000000000000e+00
-9.899598393574298161e-01 1.500000000000000000e+00
-9.859437751004016537e-01 1.500000000000000000e+00
-9.819277108433734913e-01 1.500000000000000000e+00
-9.779116465863455510e-01 1.500000000000000000e+00
-9.738955823293173886e-01 1.500000000000000000e+00
-9.698795180722892262e-01 1.500000000000000000e+00
-9.658634538152610638e-01 1.500000000000000000e+00
-9.618473895582329014e-01 1.500000000000000000e+00
-9.578313253012047390e-01 1.500000000000000000e+00
-9.538152610441767987e-01 1.500000000000000000e+00
-9.497991967871486363e-01 1.500000000000000000e+00
-9.457831325301206959e-01 1.500000000000000000e+00
-9.417670682730925336e-01 1.500000000000000000e+00
-9.377510040160643712e-01 1.500000000000000000e+00
-9.337349397590362088e-01 1.500000000000000000e+00
-9.297188755020080464e-01 1.500000000000000000e+00
-9.257028112449798840e-01 1.500000000000000000e+00
-9.216867469879517216e-01 1.500000000000000000e+00
-9.176706827309237813e-01 1.500000000000000000e+00
-9.136546184738956189e-01 1.500000000000000000e+00
-9.096385542168676785e-01 1.500000000000000000e+00
-9.056224899598395162e-01 1.500000000000000000e+00
-9.016064257028113538e-01 1.500000000000000000e+00
-8.975903614457831914e-01 1.500000000000000000e+00
-8.935742971887550290e-01 1.500000000000000000e+00
-8.895582329317268666e-01 1.500000000000000000e+00
-8.855421686746987042e-01 1.500000000000000000e+00
-8.815261044176707639e-01 1.500000000000000000e+00
-8.775100401606426015e-01 1.500000000000000000e+00
-8.734939759036146611e-01 1.500000000000000000e+00
-8.694779116465864988e-01 1.500000000000000000e+00
-8.654618473895583364e-01 1.500000000000000000e+00
-8.614457831325301740e-01 1.500000000000000000e+00
-8.574297188755020116e-01 1.500000000000000000e+00
-8.534136546184738492e-01 1.500000000000000000e+00
-8.493975903614456868e-01 1.500000000000000000e+00
-8.453815261044177465e-01 1.500000000000000000e+00
-8.413654618473895841e-01 1.500000000000000000e+00
-8.373493975903616438e-01 1.500000000000000000e+00
-8.333333333333334814e-01 1.500000000000000000e+00
-8.293172690763053190e-01 1.500000000000000000e+00
-8.253012048192771566e-01 1.500000000000000000e+00
-8.212851405622489942e-01 1.500000000000000000e+00
-8.172690763052208318e-01 1.500000000000000000e+00
-8.132530120481926694e-01 1.500000000000000000e+00
-8.092369477911647291e-01 1.500000000000000000e+00
-8.052208835341365667e-01 1.500000000000000000e+00
-8.012048192771086264e-01 1.500000000000000000e+00
-7.971887550200804640e-01 1.500000000000000000e+00
-7.931726907630523016e-01 1.500000000000000000e+00
-7.891566265060241392e-01 1.500000000000000000e+00
-7.851405622489959768e-01 1.500000000000000000e+00
-7.811244979919678144e-01 1.500000000000000000e+00
-7.771084337349398741e-01 1.500000000000000000e+00
-7.730923694779117117e-01 1.500000000000000000e+00
-7.690763052208835493e-01 1.500000000000000000e+00
-7.650602409638556090e-01 1.500000000000000000e+00
-7.610441767068274466e-01 1.500000000000000000e+00
-7.570281124497992842e-01 1.500000000000000000e+00
-7.530120481927711218e-01 1.500000000000000000e+00
-7.489959839357429594e-01 1.500000000000000000e+00
-7.449799196787147970e-01 1.500000000000000000e+00
-7.409638554216868567e-01 1.500000000000000000e+00
-7.369477911646586943e-01 1.500000000000000000e+00
-7.329317269076307539e-01 1.500000000000000000e+00
-7.289156626506025916e-01 1.500000000000000000e+00
-7.248995983935744292e-01 1.500000000000000000e+00
-7.208835341365462668e-01 1.500000000000000000e+00
-7.168674698795181044e-01 1.500000000000000000e+00
-7.128514056224899420e-01 1.500000000000000000e+00
-7.088353413654617796e-01 1.500000000000000000e+00
-7.048192771084338393e-01 1.500000000000000000e+00
-7.008032128514056769e-01 1.500000000000000000e+00
-6.967871485943777365e-01 1.500000000000000000e+00
-6.927710843373495742e-01 1.500000000000000000e+00
-6.887550200803214118e-01 1.500000000000000000e+00
-6.847389558232932494e-01 1.500000000000000000e+00
-6.807228915662650870e-01 1.500000000000000000e+00
-6.767068273092369246e-01 1.500000000000000000e+00
-6.726907630522087622e-01 1.500000000000000000e+00
-6.686746987951808219e-01 1.500000000000000000e+00
-6.646586345381526595e-01 1.500000000000000000e+00
-6.606425702811247191e-01 1.500000000000000000e+00
-6.566265060240965568e-01 1.500000000000000000e+00
-6.526104417670683944e-01 1.500000000000000000e+00
-6.485943775100402320e-01 1.500000000000000000e+00
-6.445783132530120696e-01 1.500000000000000000e+00
-6.405622489959839072e-01 1.500000000000000000e+00
-6.365461847389557448e-01 1.500000000000000000e+00
-6.325301204819278045e-01 1.500000000000000000e+00
-6.285140562248996421e-01 1.500000000000000000e+00
-6.244979919678717017e-01 1.500000000000000000e+00
-6.204819277108435394e-01 1.500000000000000000e+00
-6.164658634538153770e-01 1.500000000000000000e+00
-6.124497991967872146e-01 1.500000000000000000e+00
-6.084337349397590522e-01 1.500000000000000000e+00
-6.044176706827308898e-01 1.500000000000000000e+00
-6.004016064257029495e-01 1.500000000000000000e+00
-5.963855421686747871e-01 1.500000000000000000e+00
-5.923694779116466247e-01 1.500000000000000000e+00
-5.883534136546186843e-01 1.500000000000000000e+00
-5.843373493975905220e-01 1.500000000000000000e+00
-5.803212851405623596e-01 1.500000000000000000e+00
-5.763052208835341972e-01 1.500000000000000000e+00
-5.722891566265060348e-01 1.500000000000000000e+00
-5.682730923694778724e-01 1.500000000000000000e+00
-5.642570281124499321e-01 1.500000000000000000e+00
-5.602409638554217697e-01 1.500000000000000000e+00
-5.562248995983936073e-01 1.500000000000000000e+00
-5.522088353413656669e-01 1.500000000000000000e+00
-5.481927710843375046e-01 1.500000000000000000e+00
-5.441767068273093422e-01 1.500000000000000000e+00
-5.401606425702811798e-01 1.500000000000000000e+00
-5.361445783132530174e-01 1.500000000000000000e+00
-5.321285140562248550e-01 1.500000000000000000e+00
-5.281124497991969147e-01 1.500000000000000000e+00
-5.240963855421687523e-01 1.500000000000000000e+00
-5.200803212851408119e-01 1.500000000000000000e+00
-5.160642570281126496e-01 1.500000000000000000e+00
-5.120481927710844872e-01 1.500000000000000000e+00
-5.080321285140563248e-01 1.500000000000000000e+00
-5.040160642570281624e-01 1.500000000000000000e+00
-5.000000000000000000e-01 1.500000000000000000e+00
-5.000000000000000000e-01 -5.000000000000000000e-01
-4.959839357429718376e-01 -5.000000000000000000e-01
-4.919678714859437862e-01 -5.000000000000000000e-01
-4.879518072289156239e-01 -5.000000000000000000e-01
-4.839357429718875725e-01 -5.000000000000000000e-01
-4.799196787148594101e-01 -5.000000000000000000e-01
-4.759036144578313587e-01 -5.000000000000000000e-01
-4.718875502008031964e-01 -5.000000000000000000e-01
-4.678714859437751450e-01 -5.000000000000000000e-01
-4.638554216867469826e-01 -5.000000000000000000e-01
-4.598393574297188202e-01 -5.000000000000000000e-01
-4.558232931726907688e-01 -5.000000000000000000e-01
-4.518072289156626065e-01 -5.000000000000000000e-01
-4.477911646586345551e-01 -5.000000000000000000e-01
-4.437751004016063927e-01 -5.000000000000000000e-01
-4.397590361445783413e-01 -5.000000000000000000e-01
-4.357429718875501790e-01 -5.000000000000000000e-01
-4.317269076305221276e-01 -5.000000000000000000e-01
-4.277108433734939652e-01 -5.000000000000000000e-01
-4.236947791164659138e-01 -5.000000000000000000e-01
-4.196787148594377514e-01 -5.000000000000000000e-01
-4.156626506024097001e-01 -5.000000000000000000e-01
-4.116465863453815377e-01 -5.000000000000000000e-01
-4.076305220883533753e-01 -5.000000000000000000e-01
-4.036144578313253239e-01 -5.000000000000000000e-01
-3.995983935742971616e-01 -5.000000000000000000e-01
-3.955823293172691102e-01 -5.000000000000000000e-01
-3.915662650602409478e-01 -5.000000000000000000e-01
-3.875502008032128964e-01 -5.000000000000000000e-01
-3.835341365461847341e-01 -5.000000000000000000e-01
-3.795180722891566827e-01 -5.000000000000000000e-01
-3.755020080321285203e-01 -5.000000000000000000e-01
-3.714859437751003579e-01 -5.000000000000000000e-01
-3.674698795180723065e-01 -5.000000000000000000e-01
-3.634538152610442552e-01 -5.000000000000000000e-01
-3.594377510040160928e-01 -5.000000000000000000e-01
-3.554216867469879304e-01 -5.000000000000000000e-01
-3.514056224899598790e-01 -5.000000000000000000e-01
-3.473895582329317167e-01 -5.000000000000000000e-01
-3.433734939759036653e-01 -5.000000000000000000e-01
-3.393574297188755029e-01 -5.000000000000000000e-01
-3.353413654618473405e-01 -5.000000000000000000e-01
-3.313253012048192891e-01 -5.000000000000000000e-01
-3.273092369477912378e-01 -5.000000000000000000e-01
-3.232931726907630754e-01 -5.000000000000000000e-01
-3.192771084337349130e-01 -5.000000000000000000e-01
-3.152610441767068616e-01 -5.000000000000000000e-01
-3.112449799196786993e-01 -5.000000000000000000e-01
-3.072289156626506479e-01 -5.000000000000000000e-01
-3.032128514056224855e-01 -5.000000000000000000e-01
-2.991967871485944341e-01 -5.000000000000000000e-01
-2.951807228915662717e-01 -5.000000000000000000e-01
-2.911646586345382204e-01 -5.000000000000000000e-01
-2.871485943775100580e-01 -5.000000000000000000e-01
-2.831325301204818956e-01 -5.000000000000000000e-01
-2.791164658634538442e-01 -5.000000000000000000e-01
-2.751004016064257929e-01 -5.000000000000000000e-01
-2.710843373493976305e-01 -5.000000000000000000e-01
-2.670682730923694681e-01 -5.000000000000000000e-01
-2.630522088353414167e-01 -5.000000000000000000e-01
-2.590361445783132543e-01 -5.000000000000000000e-01
-2.550200803212852030e-01 -5.000000000000000000e-01
-2.510040160642570406e-01 -5.000000000000000000e-01
-2.469879518072288782e-01 -5.000000000000000000e-01
-2.429718875502008268e-01 -5.000000000000000000e-01
-2.389558232931727755e-01 -5.000000000000000000e-01
-2.349397590361446131e-01 -5.000000000000000000e-01
-2.309236947791164507e-01 -5.000000000000000000e-01
-2.269076305220883993e-01 -5.000000000000000000e-01
-2.228915662650603480e-01 -5.000000000000000000e-01
-2.188755020080321856e-01 -5.000000000000000000e-01
-2.148594377510040232e-01 -5.000000000000000000e-01
-2.108433734939758608e-01 -5.000000000000000000e-01
-2.068273092369478094e-01 -5.000000000000000000e-01
-2.028112449799197581e-01 -5.000000000000000000e-01
-1.987951807228915957e-01 -5.000000000000000000e-01
-1.947791164658634333e-01 -5.000000000000000000e-01
-1.907630522088353819e-01 -5.000000000000000000e-01
-1.867469879518073306e-01 -5.000000000000000000e-01
-1.827309236947791682e-01 -5.000000000000000000e-01
-1.787148594377510058e-01 -5.000000000000000000e-01
-1.746987951807228434e-01 -5.000000000000000000e-01
-1.706827309236947920e-01 -5.000000000000000000e-01
-1.666666666666667407e-01 -5.000000000000000000e-01
-1.626506024096385783e-01 -5.000000000000000000e-01
-1.586345381526104159e-01 -5.000000000000000000e-01
-1.546184738955823645e-01 -5.000000000000000000e-01
-1.506024096385543132e-01 -5.000000000000000000e-01
-1.465863453815261508e-01 -5.000000000000000000e-01
-1.425702811244979884e-01 -5.000000000000000000e-01
-1.385542168674699370e-01 -5.000000000000000000e-01
-1.345381526104417746e-01 -5.000000000000000000e-01
-1.305220883534137233e-01 -5.000000000000000000e-01
-1.265060240963855609e-01 -5.000000000000000000e-01
-1.224899598393573985e-01 -5.000000000000000000e-01
-1.184738955823293471e-01 -5.000000000000000000e-01
-1.144578313253012958e-01 -5.000000000000000000e-01
-1.104417670682731334e-01 -5.000000000000000000e-01
-1.064257028112449710e-01 -5.000000000000000000e-01
-1.024096385542169196e-01 -5.000000000000000000e-01
-9.839357429718886827e-02 -5.000000000000000000e-01
-9.437751004016070588e-02 -5.000000000000000000e-01
-9.036144578313254350e-02 -5.000000000000000000e-01
-8.634538152610438111e-02 -5.000000000000000000e-01
-8.232931726907632974e-02 -5.000000000000000000e-01
-7.831325301204827838e-02 -5.000000000000000000e-01
-7.429718875502011599e-02 -5.000000000000000000e-01
-7.028112449799195360e-02 -5.000000000000000000e-01
-6.626506024096390224e-02 -5.000000000000000000e-01
-6.224899598393585087e-02 -5.000000000000000000e-01
-5.823293172690768849e-02 -5.000000000000000000e-01
-5.421686746987952610e-02 -5.000000000000000000e-01
-5.020080321285147473e-02 -5.000000000000000000e-01
-4.618473895582331235e-02 -5.000000000000000000e-01
-4.216867469879526098e-02 -5.000000000000000000e-01
-3.815261044176709859e-02 -5.000000000000000000e-01
-3.413654618473893620e-02 -5.000000000000000000e-01
-3.012048192771088484e-02 -5.000000000000000000e-01
-2.610441767068283347e-02 -5.000000000000000000e-01
-2.208835341365467109e-02 -5.000000000000000000e-01
-1.807228915662650870e-02 -5.000000000000000000e-01
-1.405622489959845733e-02 -5.000000000000000000e-01
-1.004016064257040597e-02 -5.000000000000000000e-01
-6.024096385542243581e-03 -5.000000000000000000e-01
-2.008032128514081194e-03 -5.000000000000000000e-01
2.008032128513970171e-03 -5.000000000000000000e-01
6.024096385542132559e-03 -5.000000000000000000e-01
1.004016064257018392e-02 -5.000000000000000000e-01
1.405622489959834631e-02 -5.000000000000000000e-01
1.807228915662650870e-02 -5.000000000000000000e-01
2.208835341365456006e-02 -5.000000000000000000e-01
2.610441767068272245e-02 -5.000000000000000000e-01
3.012048192771077382e-02 -5.000000000000000000e-01
3.413654618473893620e-02 -5.000000000000000000e-01
3.815261044176698757e-02 -5.000000000000000000e-01
4.216867469879514996e-02 -5.000000000000000000e-01
4.618473895582320132e-02 -5.000000000000000000e-01
5.020080321285136371e-02 -5.000000000000000000e-01
5.421686746987941508e-02 -5.000000000000000000e-01
5.823293172690757746e-02 -5.000000000000000000e-01
6.224899598393573985e-02 -5.000000000000000000e-01
6.626506024096379122e-02 -5.000000000000000000e-01
7.028112449799195360e-02 -5.000000000000000000e-01
7.429718875502000497e-02 -5.000000000000000000e-01
7.831325301204816736e-02 -5.000000000000000000e-01
8.232931726907621872e-02 -5.000000000000000000e-01
8.634538152610438111e-02 -5.000000000000000000e-01
9.036144578313243247e-02 -5.000000000000000000e-01
9.437751004016059486e-02 -5.000000000000000000e-01
9.839357429718864623e-02 -5.000000000000000000e-01
1.024096385542168086e-01 -5.000000000000000000e-01
1.064257028112449710e-01 -5.000000000000000000e-01
1.104417670682730224e-01 -5.000000000000000000e-01
1.144578313253011848e-01 -5.000000000000000000e-01
1.184738955823292361e-01 -5.000000000000000000e-01
1.224899598393573985e-01 -5.000000000000000000e-01
1.265060240963854499e-01 -5.000000000000000000e-01
1.305220883534136123e-01 -5.000000000000000000e-01
1.345381526104416636e-01 -5.000000000000000000e-01
1.385542168674698260e-01 -5.000000000000000000e-01
1.425702811244979884e-01 -5.000000000000000000e-01
1.465863453815260398e-01 -5.000000000000000000e-01
1.506024096385542022e-01 -5.000000000000000000e-01
1.546184738955822535e-01 -5.000000000000000000e-01
1.586345381526104159e-01 -5.000000000000000000e-01
1.626506024096384673e-01 -5.000000000000000000e-01
1.666666666666666297e-01 -5.000000000000000000e-01
1.706827309236946810e-01 -5.000000000000000000e-01
1.746987951807228434e-01 -5.000000000000000000e-01
1.787148594377508948e-01 -5.000000000000000000e-01
1.827309236947790572e-01 -5.000000000000000000e-01
1.867469879518072196e-01 -5.000000000000000000e-01
1.907630522088352709e-01 -5.000000000000000000e-01
1.947791164658634333e-01 -5.000000000000000000e-01
1.987951807228914847e-01 -5.000000000000000000e-01
2.028112449799196471e-01 -5.000000000000000000e-01
2.068273092369476984e-01 -5.000000000000000000e-01
2.108433734939758608e-01 -5.000000000000000000e-01
2.148594377510039122e-01 -5.000000000000000000e-01
2.188755020080320746e-01 -5.000000000000000000e-01
2.228915662650601259e-01 -5.000000000000000000e-01
2.269076305220882883e-01 -5.000000000000000000e-01
2.309236947791164507e-01 -5.000000000000000000e-01
2.349397590361445021e-01 -5.000000000000000000e-01
2.389558232931726645e-01 -5.000000000000000000e-01
2.429718875502007158e-01 -5.000000000000000000e-01
2.469879518072288782e-01 -5.000000000000000000e-01
2.510040160642569296e-01 -5.000000000000000000e-01
2.550200803212850920e-01 -5.000000000000000000e-01
2.590361445783131433e-01 -5.000000000000000000e-01
2.630522088353413057e-01 -5.000000000000000000e-01
2.670682730923693571e-01 -5.000000000000000000e-01
2.710843373493975195e-01 -5.000000000000000000e-01
2.751004016064256819e-01 -5.000000000000000000e-01
2.791164658634537332e-01 -5.000000000000000000e-01
2.831325301204818956e-01 -5.000000000000000000e-01
2.871485943775099470e-01 -5.000000000000000000e-01
2.911646586345381094e-01 -5.000000000000000000e-01
2.951807228915661607e-01 -5.000000000000000000e-01
2.991967871485943231e-01 -5.000000000000000000e-01
3.032128514056223745e-01 -5.000000000000000000e-01
3.072289156626505369e-01 -5.000000000000000000e-01
3.112449799196785882e-01 -5.000000000000000000e-01
3.152610441767067506e-01 -5.000000000000000000e-01
3.192771084337349130e-01 -5.000000000000000000e-01
3.232931726907629644e-01 -5.000000000000000000e-01
3.273092369477911268e-01 -5.000000000000000000e-01
3.313253012048191781e-01 -5.000000000000000000e-01
3.353413654618473405e-01 -5.000000000000000000e-01
3.393574297188753919e-01 -5.000000000000000000e-01
3.433734939759035543e-01 -5.000000000000000000e-01
3.473895582329316056e-01 -5.000000000000000000e-01
3.514056224899597680e-01 -5.000000000000000000e-01
3.554216867469878194e-01 -5.000000000000000000e-01
3.594377510040159818e-01 -5.000000000000000000e-01
3.634538152610441442e-01 -5.000000000000000000e-01
3.674698795180721955e-01 -5.000000000000000000e-01
3.714859437751003579e-01 -5.000000000000000000e-01
3.755020080321284093e-01 -5.000000000000000000e-01
3.795180722891565717e-01 -5.000000000000000000e-01
3.835341365461846230e-01 -5.000000000000000000e-01
3.875502008032127854e-01 -5.000000000000000000e-01
3.915662650602408368e-01 -5.000000000000000000e-01
3.955823293172689992e-01 -5.000000000000000000e-01
3.995983935742970505e-01 -5.000000000000000000e-01
4.036144578313252129e-01 -5.000000000000000000e-01
4.076305220883533753e-01 -5.000000000000000000e-01
4.116465863453814267e-01 -5.000000000000000000e-01
4.156626506024095891e-01 -5.000000000000000000e-01
4.196787148594376404e-01 -5.000000000000000000e-01
4.236947791164658028e-01 -5.000000000000000000e-01
4.277108433734938542e-01 -5.000000000000000000e-01
4.317269076305220166e-01 -5.000000000000000000e-01
4.357429718875500679e-01 -5.000000000000000000e-01
4.397590361445782303e-01 -5.000000000000000000e-01
4.437751004016063927e-01 -5.000000000000000000e-01
4.477911646586344441e-01 -5.000000000000000000e-01
4.518072289156626065e-01 -5.000000000000000000e-01
4.558232931726906578e-01 -5.000000000000000000e-01
4.598393574297188202e-01 -5.000000000000000000e-01
4.638554216867468716e-01 -5.000000000000000000e-01
4.678714859437750340e-01 -5.000000000000000000e-01
4.718875502008030853e-01 -5.000000000000000000e-01
4.759036144578312477e-01 -5.000000000000000000e-01
4.799196787148592991e-01 -5.000000000000000000e-01
4.839357429718874615e-01 -5.000000000000000000e-01
4.879518072289156239e-01 -5.000000000000000000e-01
4.919678714859436752e-01 -5.000000000000000000e-01
4.959839357429718376e-01 -5.000000000000000000e-01
5.000000000000000000e-01 -5.000000000000000000e-01
5.000000000000000000e-01 1.500000000000000000e+00
5.040160642570281624e-01 1.500000000000000000e+00
5.080321285140562138e-01 1.500000000000000000e+00
5.120481927710843761e-01 1.500000000000000000e+00
5.160642570281124275e-01 1.500000000000000000e+00
5.200803212851405899e-01 1.500000000000000000e+00
5.240963855421686413e-01 1.500000000000000000e+00
5.281124497991968036e-01 1.500000000000000000e+00
5.321285140562248550e-01 1.500000000000000000e+00
5.361445783132530174e-01 1.500000000000000000e+00
5.401606425702811798e-01 1.500000000000000000e+00
5.441767068273092312e-01 1.500000000000000000e+00
5.481927710843373935e-01 1.500000000000000000e+00
5.522088353413654449e-01 1.500000000000000000e+00
5.562248995983936073e-01 1.500000000000000000e+00
5.602409638554216587e-01 1.500000000000000000e+00
5.642570281124498210e-01 1.500000000000000000e+00
5.682730923694778724e-01 1.500000000000000000e+00
5.722891566265060348e-01 1.500000000000000000e+00
5.763052208835340862e-01 1.500000000000000000e+00
5.803212851405622486e-01 1.500000000000000000e+00
5.843373493975902999e-01 1.500000000000000000e+00
5.883534136546184623e-01 1.500000000000000000e+00
5.923694779116466247e-01 1.500000000000000000e+00
5.963855421686746761e-01 1.500000000000000000e+00
6.004016064257028384e-01 1.500000000000000000e+00
6.044176706827308898e-01 1.500000000000000000e+00
6.084337349397590522e-01 1.500000000000000000e+00
6.124497991967871036e-01 1.500000000000000000e+00
6.164658634538152659e-01 1.500000000000000000e+00
6.204819277108433173e-01 1.500000000000000000e+00
6.244979919678714797e-01 1.500000000000000000e+00
6.285140562248996421e-01 1.500000000000000000e+00
6.325301204819276935e-01 1.500000000000000000e+00
6.365461847389557448e-01 1.500000000000000000e+00
6.405622489959839072e-01 1.500000000000000000e+00
6.445783132530120696e-01 1.500000000000000000e+00
6.485943775100401210e-01 1.500000000000000000e+00
6.526104417670682833e-01 1.500000000000000000e+00
6.566265060240963347e-01 1.500000000000000000e+00
6.606425702811244971e-01 1.500000000000000000e+00
6.646586345381526595e-01 1.500000000000000000e+00
6.686746987951807109e-01 1.500000000000000000e+00
6.726907630522087622e-01 1.500000000000000000e+00
6.767068273092369246e-01 1.500000000000000000e+00
6.807228915662650870e-01 1.500000000000000000e+00
6.847389558232931384e-01 1.500000000000000000e+00
6.887550200803213007e-01 1.500000000000000000e+00
6.927710843373493521e-01 1.500000000000000000e+00
6.967871485943775145e-01 1.500000000000000000e+00
7.008032128514055659e-01 1.500000000000000000e+00
7.048192771084337283e-01 1.500000000000000000e+00
7.088353413654617796e-01 1.500000000000000000e+00
7.128514056224899420e-01 1.500000000000000000e+00
7.168674698795181044e-01 1.500000000000000000e+00
7.208835341365461558e-01 1.500000000000000000e+00
7.248995983935742071e-01 1.500000000000000000e+00
7.289156626506023695e-01 1.500000000000000000e+00
7.329317269076305319e-01 1.500000000000000000e+00
7.369477911646585833e-01 1.500000000000000000e+00
7.409638554216867457e-01 1.500000000000000000e+00
7.449799196787147970e-01 1.500000000000000000e+00
7.489959839357429594e-01 1.500000000000000000e+00
7.530120481927711218e-01 1.500000000000000000e+00
7.570281124497991732e-01 1.500000000000000000e+00
7.610441767068272245e-01 1.500000000000000000e+00
7.650602409638553869e-01 1.500000000000000000e+00
7.690763052208835493e-01 1.500000000000000000e+00
7.730923694779116007e-01 1.500000000000000000e+00
7.771084337349396520e-01 1.500000000000000000e+00
7.811244979919678144e-01 1.500000000000000000e+00
7.851405622489959768e-01 1.500000000000000000e+00
7.891566265060241392e-01 1.500000000000000000e+00
7.931726907630521906e-01 1.500000000000000000e+00
7.971887550200802419e-01 1.500000000000000000e+00
8.012048192771084043e-01 1.500000000000000000e+00
8.052208835341365667e-01 1.500000000000000000e+00
8.092369477911646181e-01 1.500000000000000000e+00
8.132530120481926694e-01 1.500000000000000000e+00
8.172690763052208318e-01 1.500000000000000000e+00
8.212851405622489942e-01 1.500000000000000000e+00
8.253012048192771566e-01 1.500000000000000000e+00
8.293172690763052080e-01 1.500000000000000000e+00
8.333333333333332593e-01 1.500000000000000000e+00
8.373493975903614217e-01 1.500000000000000000e+00
8.413654618473895841e-01 1.500000000000000000e+00
8.453815261044176355e-01 1.500000000000000000e+00
8.493975903614456868e-01 1.500000000000000000e+00
8.534136546184738492e-01 1.500000000000000000e+00
8.574297188755020116e-01 1.500000000000000000e+00
8.614457831325300630e-01 1.500000000000000000e+00
8.654618473895582254e-01 1.500000000000000000e+00
8.694779116465862767e-01 1.500000000000000000e+00
8.734939759036144391e-01 1.500000000000000000e+00
8.775100401606426015e-01 1.500000000000000000e+00
8.815261044176706529e-01 1.500000000000000000e+00
8.855421686746987042e-01 1.500000000000000000e+00
8.895582329317268666e-01 1.500000000000000000e+00
8.935742971887550290e-01 1.500000000000000000e+00
8.975903614457830804e-01 1.500000000000000000e+00
9.016064257028111317e-01 1.500000000000000000e+00
9.056224899598392941e-01 1.500000000000000000e+00
9.096385542168674565e-01 1.500000000000000000e+00
9.136546184738956189e-01 1.500000000000000000e+00
9.176706827309236703e-01 1.500000000000000000e+00
9.216867469879517216e-01 1.500000000000000000e+00
9.257028112449798840e-01 1.500000000000000000e+00
9.297188755020080464e-01 1.500000000000000000e+00
9.337349397590360978e-01 1.500000000000000000e+00
9.377510040160641491e-01 1.500000000000000000e+00
9.417670682730923115e-01 1.500000000000000000e+00
9.457831325301204739e-01 1.500000000000000000e+00
9.497991967871485253e-01 1.500000000000000000e+00
9.538152610441766877e-01 1.500000000000000000e+00
9.578313253012047390e-01 1.500000000000000000e+00
9.618473895582329014e-01 1.500000000000000000e+00
9.658634538152610638e-01 1.500000000000000000e+00
9.698795180722891152e-01 1.500000000000000000e+00
9.738955823293171665e-01 1.500000000000000000e+00
9.779116465863453289e-01 1.500000000000000000e+00
9.819277108433734913e-01 1.500000000000000000e+00
9.859437751004015427e-01 1.500000000000000000e+00
9.899598393574295940e-01 1.500000000000000000e+00
9.939759036144577564e-01 1.500000000000000000e+00
9.979919678714859188e-01 1.500000000000000000e+00
1.002008032128514081e+00 1.500000000000000000e+00
1.006024096385542244e+00 1.500000000000000000e+00
1.010040160642570184e+00 1.500000000000000000e+00
1.014056224899598346e+00 1.500000000000000000e+00
1.018072289156626509e+00 1.500000000000000000e+00
1.022088353413654449e+00 1.500000000000000000e+00
1.026104417670682611e+00 1.500000000000000000e+00
1.030120481927710774e+00 1.500000000000000000e+00
1.034136546184738936e+00 1.500000000000000000e+00
1.038152610441767099e+00 1.500000000000000000e+00
1.042168674698795261e+00 1.500000000000000000e+00
1.046184738955823201e+00 1.500000000000000000e+00
1.050200803212851364e+00 1.500000000000000000e+00
1.054216867469879304e+00 1.500000000000000000e+00
1.058232931726907466e+00 1.500000000000000000e+00
1.062248995983935629e+00 1.500000000000000000e+00
1.066265060240963791e+00 1.500000000000000000e+00
1.070281124497991954e+00 1.500000000000000000e+00
1.074297188755020116e+00 1.500000000000000000e+00
1.078313253012048278e+00 1.500000000000000000e+00
1.082329317269076219e+00 1.500000000000000000e+00
1.086345381526104381e+00 1.500000000000000000e+00
1.090361445783132321e+00 1.500000000000000000e+00
1.094377510040160484e+00 1.500000000000000000e+00
1.098393574297188646e+00 1.500000000000000000e+00
1.102409638554216809e+00 1.500000000000000000e+00
1.106425702811244971e+00 1.500000000000000000e+00
1.110441767068273133e+00 1.500000000000000000e+00
1.114457831325301296e+00 1.500000000000000000e+00
1.118473895582329236e+00 1.500000000000000000e+00
1.122489959839357399e+00 1.500000000000000000e+00
1.126506024096385339e+00 1.500000000000000000e+00
1.130522088353413501e+00 1.500000000000000000e+00
1.134538152610441664e+00 1.500000000000000000e+00
1.138554216867469826e+00 1.500000000000000000e+00
1.142570281124497988e+00 1.500000000000000000e+00
1.146586345381526151e+00 1.500000000000000000e+00
1.150602409638554313e+00 1.500000000000000000e+00
1.154618473895582254e+00 1.500000000000000000e+00
1.158634538152610416e+00 1.500000000000000000e+00
1.162650602409638356e+00 1.500000000000000000e+00
1.166666666666666519e+00 1.500000000000000000e+00
1.170682730923694681e+00 1.500000000000000000e+00
1.174698795180722843e+00 1.500000000000000000e+00
1.178714859437751006e+00 1.500000000000000000e+00
1.182730923694779168e+00 1.500000000000000000e+00
1.186746987951807331e+00 1.500000000000000000e+00
1.190763052208835271e+00 1.500000000000000000e+00
1.194779116465863433e+00 1.500000000000000000e+00
1.198795180722891374e+00 1.500000000000000000e+00
1.202811244979919536e+00 1.500000000000000000e+00
1.206827309236947698e+00 1.500000000000000000e+00
1.210843373493975861e+00 1.500000000000000000e+00
1.214859437751004023e+00 1.500000000000000000e+00
1.218875502008032186e+00 1.500000000000000000e+00
1.222891566265060126e+00 1.500000000000000000e+00
1.226907630522088288e+00 1.500000000000000000e+00
1.230923694779116451e+00 1.500000000000000000e+00
1.234939759036144391e+00 1.500000000000000000e+00
1.238955823293172553e+00 1.500000000000000000e+00
1.242971887550200716e+00 1.500000000000000000e+00
1.246987951807228878e+00 1.500000000000000000e+00
1.251004016064257041e+00 1.500000000000000000e+00
1.255020080321285203e+00 1.500000000000000000e+00
1.259036144578313143e+00 1.500000000000000000e+00
1.263052208835341306e+00 1.500000000000000000e+00
1.267068273092369246e+00 1.500000000000000000e+00
1.271084337349397408e+00 1.500000000000000000e+00
1.275100401606425571e+00 1.500000000000000000e+00
1.279116465863453733e+00 1.500000000000000000e+00
1.283132530120481896e+00 1.500000000000000000e+00
1.287148594377510058e+00 1.500000000000000000e+00
1.291164658634538220e+00 1.500000000000000000e+00
1.295180722891566161e+00 1.500000000000000000e+00
1.299196787148594323e+00 1.500000000000000000e+00
1.303212851405622263e+00 1.500000000000000000e+00
1.307228915662650426e+00 1.500000000000000000e+00
1.311244979919678588e+00 1.500000000000000000e+00
1.315261044176706751e+00 1.500000000000000000e+00
1.319277108433734913e+00 1.500000000000000000e+00
1.323293172690763075e+00 1.500000000000000000e+00
1.327309236947791238e+00 1.500000000000000000e+00
1.331325301204819178e+00 1.500000000000000000e+00
1.335341365461847341e+00 1.500000000000000000e+00
1.339357429718875281e+00 1.500000000000000000e+00
1.343373493975903443e+00 1.500000000000000000e+00
1.347389558232931606e+00 1.500000000000000000e+00
1.351405622489959768e+00 1.500000000000000000e+00
1.355421686746987930e+00 1.500000000000000000e+00
1.359437751004016093e+00 1.500000000000000000e+00
1.363453815261044255e+00 1.500000000000000000e+00
1.367469879518072196e+00 1.500000000000000000e+00
1.371485943775100358e+00 1.500000000000000000e+00
1.375502008032128298e+00 1.500000000000000000e+00
1.379518072289156461e+00 1.500000000000000000e+00
1.383534136546184623e+00 1.500000000000000000e+00
1.387550200803212785e+00 1.500000000000000000e+00
1.391566265060240948e+00 1.500000000000000000e+00
1.395582329317269110e+00 1.500000000000000000e+00
1.399598393574297051e+00 1.500000000000000000e+00
1.403614457831325213e+00 1.500000000000000000e+00
1.407630522088353375e+00 1.500000000000000000e+00
1.411646586345381316e+00 1.500000000000000000e+00
1.415662650602409478e+00 1.500000000000000000e+00
1.419678714859437640e+00 1.500000000000000000e+00
1.423694779116465803e+00 1.500000000000000000e+00
1.427710843373493965e+00 1.500000000000000000e+00
1.431726907630522128e+00 1.500000000000000000e+00
1.435742971887550068e+00 1.500000000000000000e+00
1.439759036144578230e+00 1.500000000000000000e+00
1.443775100401606393e+00 1.500000000000000000e+00
1.447791164658634333e+00 1.500000000000000000e+00
1.451807228915662495e+00 1.500000000000000000e+00
1.455823293172690658e+00 1.500000000000000000e+00
1.459839357429718820e+00 1.500000000000000000e+00
1.463855421686746983e+00 1.500000000000000000e+00
1.467871485943775145e+00 1.500000000000000000e+00
1.471887550200803085e+00 1.500000000000000000e+00
1.475903614457831248e+00 1.500000000000000000e+00
1.479919678714859188e+00 1.500000000000000000e+00
1.483935742971887350e+00 1.500000000000000000e+00
1.487951807228915513e+00 1.500000000000000000e+00
1.491967871485943675e+00 1.500000000000000000e+00
1.495983935742971838e+00 1.500000000000000000e+00
1.500000000000000000e+00 1.500000000000000000e+00
1.500000000000000000e+00 -5.000000000000000000e-01
1.504016064257028162e+00 -5.000000000000000000e-01
1.508032128514056325e+00 -5.000000000000000000e-01
1.512048192771084265e+00 -5.000000000000000000e-01
1.516064257028112428e+00 -5.000000000000000000e-01
1.520080321285140590e+00 -5.000000000000000000e-01
1.524096385542168752e+00 -5.000000000000000000e-01
1.528112449799196693e+00 -5.000000000000000000e-01
1.532128514056224855e+00 -5.000000000000000000e-01
1.536144578313253017e+00 -5.000000000000000000e-01
1.540160642570281180e+00 -5.000000000000000000e-01
1.544176706827309342e+00 -5.000000000000000000e-01
1.548192771084337283e+00 -5.000000000000000000e-01
1.552208835341365445e+00 -5.000000000000000000e-01
1.556224899598393607e+00 -5.000000000000000000e-01
1.560240963855421770e+00 -5.000000000000000000e-01
1.564257028112449710e+00 -5.000000000000000000e-01
1.568273092369477872e+00 -5.000000000000000000e-01
1.572289156626506035e+00 -5.000000000000000000e-01
1.576305220883534197e+00 -5.000000000000000000e-01
1.580321285140562360e+00 -5.000000000000000000e-01
1.584337349397590300e+00 -5.000000000000000000e-01
1.588353413654618462e+00 -5.000000000000000000e-01
1.592369477911646625e+00 -5.000000000000000000e-01
1.596385542168674787e+00 -5.000000000000000000e-01
1.600401606425702727e+00 -5.000000000000000000e-01
1.604417670682730890e+00 -5.000000000000000000e-01
1.608433734939759052e+00 -5.000000000000000000e-01
1.612449799196787215e+00 -5.000000000000000000e-01
1.616465863453815155e+00 -5.000000000000000000e-01
1.620481927710843317e+00 -5.000000000000000000e-01
1.624497991967871480e+00 -5.000000000000000000e-01
1.628514056224899642e+00 -5.000000000000000000e-01
1.632530120481927582e+00 -5.000000000000000000e-01
1.636546184738955745e+00 -5.000000000000000000e-01
1.640562248995983907e+00 -5.000000000000000000e-01
1.644578313253012070e+00 -5.000000000000000000e-01
1.648594377510040232e+00 -5.000000000000000000e-01
1.652610441767068172e+00 -5.000000000000000000e-01
1.656626506024096335e+00 -5.000000000000000000e-01
1.660642570281124497e+00 -5.000000000000000000e-01
1.664658634538152659e+00 -5.000000000000000000e-01
1.668674698795180600e+00 -5.000000000000000000e-01
1.672690763052208762e+00 -5.000000000000000000e-01
1.676706827309236925e+00 -5.000000000000000000e-01
1.680722891566265087e+00 -5.000000000000000000e-01
1.684738955823293249e+00 -5.000000000000000000e-01
1.688755020080321190e+00 -5.000000000000000000e-01
1.692771084337349352e+00 -5.000000000000000000e-01
1.696787148594377514e+00 -5.000000000000000000e-01
1.700803212851405677e+00 -5.000000000000000000e-01
1.704819277108433617e+00 -5.000000000000000000e-01
1.708835341365461780e+00 -5.000000000000000000e-01
1.712851405622489942e+00 -5.000000000000000000e-01
1.716867469879518104e+00 -5.000000000000000000e-01
1.720883534136546267e+00 -5.000000000000000000e-01
1.724899598393574207e+00 -5.000000000000000000e-01
1.728915662650602370e+00 -5.000000000000000000e-01
1.732931726907630532e+00 -5.000000000000000000e-01
1.736947791164658694e+00 -5.000000000000000000e-01
1.740963855421686635e+00 -5.000000000000000000e-01
1.744979919678714797e+00 -5.000000000000000000e-01
1.748995983935742959e+00 -5.000000000000000000e-01
1.753012048192771122e+00 -5.000000000000000000e-01
1.757028112449799284e+00 -5.000000000000000000e-01
1.761044176706827225e+00 -5.000000000000000000e-01
1.765060240963855387e+00 -5.000000000000000000e-01
1.769076305220883549e+00 -5.000000000000000000e-01
1.773092369477911490e+00 -5.000000000000000000e-01
1.777108433734939652e+00 -5.000000000000000000e-01
1.781124497991967814e+00 -5.000000000000000000e-01
1.785140562248995977e+00 -5.000000000000000000e-01
1.789156626506024139e+00 -5.000000000000000000e-01
1.793172690763052302e+00 -5.000000000000000000e-01
1.797188755020080242e+00 -5.000000000000000000e-01
1.801204819277108404e+00 -5.000000000000000000e-01
1.805220883534136567e+00 -5.000000000000000000e-01
1.809236947791164507e+00 -5.000000000000000000e-01
1.813253012048192669e+00 -5.000000000000000000e-01
1.817269076305220832e+00 -5.000000000000000000e-01
1.821285140562248994e+00 -5.000000000000000000e-01
1.825301204819277157e+00 -5.000000000000000000e-01
1.829317269076305319e+00 -5.000000000000000000e-01
1.833333333333333259e+00 -5.000000000000000000e-01
1.837349397590361422e+00 -5.000000000000000000e-01
1.841365461847389584e+00 -5.000000000000000000e-01
1.845381526104417524e+00 -5.000000000000000000e-01
1.849397590361445687e+00 -5.000000000000000000e-01
1.853413654618473849e+00 -5.000000000000000000e-01
1.857429718875502012e+00 -5.000000000000000000e-01
1.861445783132530174e+00 -5.000000000000000000e-01
1.865461847389558336e+00 -5.000000000000000000e-01
1.869477911646586277e+00 -5.000000000000000000e-01
1.873493975903614439e+00 -5.000000000000000000e-01
1.877510040160642601e+00 -5.000000000000000000e-01
1.881526104417670542e+00 -5.000000000000000000e-01
1.885542168674698704e+00 -5.000000000000000000e-01
1.889558232931726867e+00 -5.000000000000000000e-01
1.893574297188755029e+00 -5.000000000000000000e-01
1.897590361445783191e+00 -5.000000000000000000e-01
1.901606425702811132e+00 -5.000000000000000000e-01
1.905622489959839294e+00 -5.000000000000000000e-01
1.909638554216867457e+00 -5.000000000000000000e-01
1.913654618473895619e+00 -5.000000000000000000e-01
1.917670682730923559e+00 -5.000000000000000000e-01
1.921686746987951722e+00 -5.000000000000000000e-01
1.925702811244979884e+00 -5.000000000000000000e-01
1.929718875502008046e+00 -5.000000000000000000e-01
1.933734939759036209e+00 -5.000000000000000000e-01
1.937751004016064149e+00 -5.000000000000000000e-01
1.941767068273092312e+00 -5.000000000000000000e-01
1.945783132530120474e+00 -5.000000000000000000e-01
1.949799196787148414e+00 -5.000000000000000000e-01
1.953815261044176577e+00 -5.000000000000000000e-01
1.957831325301204739e+00 -5.000000000000000000e-01
1.961847389558232901e+00 -5.000000000000000000e-01
1.965863453815261064e+00 -5.000000000000000000e-01
1.969879518072289226e+00 -5.000000000000000000e-01
1.973895582329317167e+00 -5.000000000000000000e-01
1.977911646586345329e+00 -5.000000000000000000e-01
1.981927710843373491e+00 -5.000000000000000000e-01
1.985943775100401432e+00 -5.000000000000000000e-01
1.989959839357429594e+00 -5.000000000000000000e-01
1.993975903614457756e+00 -5.000000000000000000e-01
1.997991967871485919e+00 -5.000000000000000000e-01
2.002008032128514081e+00 -5.000000000000000000e-01
2.006024096385542244e+00 -5.000000000000000000e-01
2.010040160642570406e+00 -5.000000000000000000e-01
2.014056224899598568e+00 -5.000000000000000000e-01
2.018072289156626731e+00 -5.000000000000000000e-01
2.022088353413654449e+00 -5.000000000000000000e-01
2.026104417670682611e+00 -5.000000000000000000e-01
2.030120481927710774e+00 -5.000000000000000000e-01
2.034136546184738936e+00 -5.000000000000000000e-01
2.038152610441767099e+00 -5.000000000000000000e-01
2.042168674698795261e+00 -5.000000000000000000e-01
2.046184738955822979e+00 -5.000000000000000000e-01
2.050200803212851142e+00 -5.000000000000000000e-01
2.054216867469879304e+00 -5.000000000000000000e-01
2.058232931726907466e+00 -5.000000000000000000e-01
2.062248995983935629e+00 -5.000000000000000000e-01
2.066265060240963791e+00 -5.000000000000000000e-01
2.070281124497991954e+00 -5.000000000000000000e-01
2.074297188755020116e+00 -5.000000000000000000e-01
2.078313253012048278e+00 -5.000000000000000000e-01
2.082329317269076441e+00 -5.000000000000000000e-01
2.086345381526104603e+00 -5.000000000000000000e-01
2.090361445783132321e+00 -5.000000000000000000e-01
2.094377510040160484e+00 -5.000000000000000000e-01
2.098393574297188646e+00 -5.000000000000000000e-01
2.102409638554216809e+00 -5.000000000000000000e-01
2.106425702811244971e+00 -5.000000000000000000e-01
2.110441767068273133e+00 -5.000000000000000000e-01
2.114457831325301296e+00 -5.000000000000000000e-01
2.118473895582329014e+00 -5.000000000000000000e-01
2.122489959839357176e+00 -5.000000000000000000e-01
2.126506024096385339e+00 -5.000000000000000000e-01
2.130522088353413501e+00 -5.000000000000000000e-01
2.134538152610441664e+00 -5.000000000000000000e-01
2.138554216867469826e+00 -5.000000000000000000e-01
2.142570281124497988e+00 -5.000000000000000000e-01
2.146586345381526151e+00 -5.000000000000000000e-01
2.150602409638554313e+00 -5.000000000000000000e-01
2.154618473895582476e+00 -5.000000000000000000e-01
2.158634538152610638e+00 -5.000000000000000000e-01
2.162650602409638356e+00 -5.000000000000000000e-01
2.166666666666666519e+00 -5.000000000000000000e-01
2.170682730923694681e+00 -5.000000000000000000e-01
2.174698795180722843e+00 -5.000000000000000000e-01
2.178714859437751006e+00 -5.000000000000000000e-01
2.182730923694779168e+00 -5.000000000000000000e-01
2.186746987951807331e+00 -5.000000000000000000e-01
2.190763052208835049e+00 -5.000000000000000000e-01
2.194779116465863211e+00 -5.000000000000000000e-01
2.198795180722891374e+00 -5.000000000000000000e-01
2.202811244979919536e+00 -5.000000000000000000e-01
2.206827309236947698e+00 -5.000000000000000000e-01
2.210843373493975861e+00 -5.000000000000000000e-01
2.214859437751004023e+00 -5.000000000000000000e-01
2.218875502008032186e+00 -5.000000000000000000e-01
2.222891566265060348e+00 -5.000000000000000000e-01
2.226907630522088510e+00 -5.000000000000000000e-01
2.230923694779116673e+00 -5.000000000000000000e-01
2.234939759036144391e+00 -5.000000000000000000e-01
2.238955823293172553e+00 -5.000000000000000000e-01
2.242971887550200716e+00 -5.000000000000000000e-01
2.246987951807228878e+00 -5.000000000000000000e-01
2.251004016064257041e+00 -5.000000000000000000e-01
2.255020080321285203e+00 -5.000000000000000000e-01
2.259036144578312921e+00 -5.000000000000000000e-01
2.263052208835341084e+00 -5.000000000000000000e-01
2.267068273092369246e+00 -5.000000000000000000e-01
2.271084337349397408e+00 -5.000000000000000000e-01
2.275100401606425571e+00 -5.000000000000000000e-01
2.279116465863453733e+00 -5.000000000000000000e-01
2.283132530120481896e+00 -5.000000000000000000e-01
2.287148594377510058e+00 -5.000000000000000000e-01
2.291164658634538220e+00 -5.000000000000000000e-01
2.295180722891566383e+00 -5.000000000000000000e-01
2.299196787148594545e+00 -5.000000000000000000e-01
2.303212851405622263e+00 -5.000000000000000000e-01
2.307228915662650426e+00 -5.000000000000000000e-01
2.311244979919678588e+00 -5.000000000000000000e-01
2.315261044176706751e+00 -5.000000000000000000e-01
2.319277108433734913e+00 -5.000000000000000000e-01
2.323293172690763075e+00 -5.000000000000000000e-01
2.327309236947791238e+00 -5.000000000000000000e-01
2.331325301204818956e+00 -5.000000000000000000e-01
2.335341365461847118e+00 -5.000000000000000000e-01
2.339357429718875281e+00 -5.000000000000000000e-01
2.343373493975903443e+00 -5.000000000000000000e-01
2.347389558232931606e+00 -5.000000000000000000e-01
2.351405622489959768e+00 -5.000000000000000000e-01
2.355421686746987930e+00 -5.000000000000000000e-01
2.359437751004016093e+00 -5.000000000000000000e-01
2.363453815261044255e+00 -5.000000000000000000e-01
2.367469879518072418e+00 -5.000000000000000000e-01
2.371485943775100580e+00 -5.000000000000000000e-01
2.375502008032128298e+00 -5.000000000000000000e-01
2.379518072289156461e+00 -5.000000000000000000e-01
2.383534136546184623e+00 -5.000000000000000000e-01
2.387550200803212785e+00 -5.000000000000000000e-01
2.391566265060240948e+00 -5.000000000000000000e-01
2.395582329317269110e+00 -5.000000000000000000e-01
2.399598393574296828e+00 -5.000000000000000000e-01
2.403614457831324991e+00 -5.000000000000000000e-01
2.407630522088353153e+00 -5.000000000000000000e-01
2.411646586345381316e+00 -5.000000000000000000e-01
2.415662650602409478e+00 -5.000000000000000000e-01
2.419678714859437640e+00 -5.000000000000000000e-01
2.423694779116465803e+00 -5.000000000000000000e-01
2.427710843373493965e+00 -5.000000000000000000e-01
2.431726907630522128e+00 -5.000000000000000000e-01
2.435742971887550290e+00 -5.000000000000000000e-01
2.439759036144578452e+00 -5.000000000000000000e-01
2.443775100401606615e+00 -5.000000000000000000e-01
2.447791164658634333e+00 -5.000000000000000000e-01
2.451807228915662495e+00 -5.000000000000000000e-01
2.455823293172690658e+00 -5.000000000000000000e-01
2.459839357429718820e+00 -5.000000000000000000e-01
2.463855421686746983e+00 -5.000000000000000000e-01
2.467871485943775145e+00 -5.000000000000000000e-01
2.471887550200802863e+00 -5.000000000000000000e-01
2.475903614457831026e+00 -5.000000000000000000e-01
2.479919678714859188e+00 -5.000000000000000000e-01
2.483935742971887350e+00 -5.000000000000000000e-01
2.487951807228915513e+00 -5.000000000000000000e-01
2.491967871485943675e+00 -5.000000000000000000e-01
2.495983935742971838e+00 -5.000000000000000000e-01
2.500000000000000000e+00 -5.000000000000000000e-01
2.500000000000000000e+00 5.000000000000000000e-01
